{"weights": [0.1721499735321748, 0.1667441536409408, 0.2889438378090915, 0.13881521796102933, 0.1555649158692045, 0.07778190118755904], "means": [[3.7394385836357493, 0.4581360723097464, -0.38238867584281094, 0.13727414199548704, -0.036745590504940466, -0.08199530153345101, 0.06485245058652948, -0.015670064585145606], [1.0665965864323914, 0.5546274009609367, -0.5276797694282712, 0.0019498217700182445, 0.050649142968154634, 0.040812235228947225, -0.02047498393572651, 0.012071536295253276], [-3.912004644495893, -0.43864177528308707, 0.09327261600049694, 0.013826111056134132, 0.023367181707162562, -0.002231235386859286, 0.012248436590854183, 0.0038228230398078427], [-2.686322264587039, -0.023596224844273695, -0.20378785669907817, -0.08592119845361935, -0.10888865712337183, -0.0028228265188366903, -0.015698862857314963, -0.01312920098558663], [-0.734996348385208, 1.4422630185248753, 1.070952490731607, -0.012063029036870013, 0.004363242850848974, -0.00015555031486001638, -0.011358724301041819, -0.006849020631723346], [6.852822556175893, -0.6504009873469999, 0.29384115346941675, -0.038583078012516966, -0.0018143385797729495, 0.007713239693671587, -0.0071087666864686275, 0.001503041784356765]], "cov": [[[0.16828229413216939, -0.019262178544412, 0.030623234152424645, -0.008574860252189244, -0.005888695718826975, 0.0004730953528155408, 0.009319553052352545, 0.000499625764587574], [-0.019262178544412003, 0.003194768982556599, -0.0018539029397387139, -0.0002952965631290819, 0.0014191646100313825, 0.00015453507715637593, -0.0012246317247079804, -0.00017585552051008587], [0.030623234152424645, -0.0018539029397387139, 0.00894682873045484, -0.003967760299943609, -0.00021822038974553482, 0.00066002068620262, 0.0010773999426256509, 4.278510640331396e-05], [-0.008574860252189244, -0.00029529656312908184, -0.003967760299943608, 0.0030477400544482638, -0.0012596429803934798, -0.0005578376608754228, 6.383295930650127e-05, 0.0005159605705363697], [-0.005888695718826975, 0.0014191646100313825, -0.00021822038974553487, -0.00125964298039348, 0.0028597291504515467, -0.0001413697144139773, -0.0005551918125689526, -0.0010807567784965855], [0.0004730953528155408, 0.00015453507715637588, 0.00066002068620262, -0.0005578376608754228, -0.0001413697144139773, 0.000997095484585379, 0.0002276556736387772, -0.00041018038907403683], [0.009319553052352547, -0.0012246317247079806, 0.0010773999426256509, 6.383295930650131e-05, -0.0005551918125689526, 0.0002276556736387772, 0.001014052136086766, -2.7194646156531344e-05], [0.000499625764587574, -0.0001758555205100859, 4.278510640331395e-05, 0.0005159605705363697, -0.0010807567784965855, -0.00041018038907403683, -2.7194646156531324e-05, 0.0009959695873461567]], [[0.32072123362435895, 0.003675260722506259, 0.029570845934708555, 0.02928315826915167, -0.013510217803838353, 0.021221943876057584, -0.010701979396405468, -0.002659408902360934], [0.0036752607225062585, 0.0012504391686955956, 0.0008140553639491398, 8.16358943036915e-05, -0.001263857441193138, -0.0008351889379822519, -7.588722600002243e-05, 6.619726496056646e-05], [0.029570845934708552, 0.0008140553639491398, 0.0048897722284278, 0.0031662848879502525, -0.002275618013246853, 0.0029732640390915323, -0.0015866232691260627, 7.082505685561165e-05], [0.029283158269151666, 8.163589430369146e-05, 0.0031662848879502525, 0.005037131829800067, -0.002510320947814403, 0.0028401544316996696, -0.0014128036886547916, -0.0008166962563914958], [-0.013510217803838351, -0.001263857441193138, -0.002275618013246853, -0.002510320947814403, 0.00398784389060211, -0.0007025177116004896, 0.00017073887239410593, 0.0005609620569161169], [0.021221943876057584, -0.0008351889379822518, 0.0029732640390915327, 0.00284015443169967, -0.0007025177116004896, 0.00498633994608601, 0.0002070903708933354, -0.00044174172817946296], [-0.010701979396405468, -7.588722600002238e-05, -0.0015866232691260627, -0.0014128036886547916, 0.00017073887239410593, 0.0002070903708933354, 0.0023155642850277774, -4.728289865311781e-05], [-0.002659408902360934, 6.619726496056647e-05, 7.08250568556116e-05, -0.0008166962563914956, 0.0005609620569161169, -0.00044174172817946296, -4.728289865311787e-05, 0.001461861327496558]], [[0.04390556140031693, 0.018124175753405747, -0.015711845412163937, -0.03840623251017681, -0.007315503206810053, -0.001270045181438138, 0.0003025914345653881, 0.0004012159719297235], [0.018124175753405747, 0.009277432743554767, -0.005259436034381454, -0.01619627927885157, -0.0024384041199478914, -0.000783062627684405, 0.0013080155573643813, 0.0004893999445175086], [-0.015711845412163937, -0.005259436034381454, 0.007073777709307789, 0.016014924585481885, 0.00139288777388467, 0.00042458644691095786, 0.00038398183864714715, 0.0004177567897827203], [-0.0384062325101768, -0.016196279278851568, 0.016014924585481885, 0.05197908909410059, -0.0013313824204104505, 0.0013038327060139279, -0.0017107136452039634, 0.0010513717175382126], [-0.007315503206810051, -0.002438404119947892, 0.00139288777388467, -0.00133138242041045, 0.013093205110145837, -0.0004358548003116751, 0.0010702014816849474, -0.0013834604698214868], [-0.001270045181438138, -0.000783062627684405, 0.0004245864469109578, 0.0013038327060139274, -0.00043585480031167517, 0.0019098188218351778, 0.0011654964088693048, -0.00031178614508076683], [0.0003025914345653882, 0.001308015557364381, 0.000383981838647147, -0.0017107136452039634, 0.0010702014816849474, 0.0011654964088693048, 0.002309952247699308, 0.0003849006572197586], [0.00040121597192972357, 0.0004893999445175086, 0.0004177567897827202, 0.0010513717175382124, -0.0013834604698214868, -0.00031178614508076683, 0.00038490065721975863, 0.003724525736243047]], [[0.03740301009661439, 0.011685570108211479, -0.0077415847081905775, 0.005401404815073226, -0.003262094496056613, -0.0024108308598010868, -0.0015060073435250447, -0.004224374429361366], [0.011685570108211479, 0.004022942064889817, -0.0021252178485420287, 0.001560504169751859, -0.0017075851009217687, -0.00026266408507317064, 0.00019822271878383076, -0.0012240708131243836], [-0.0077415847081905775, -0.0021252178485420287, 0.002603935707315691, -0.0015999848170340156, 0.0004569943312046648, 0.001008849857986051, 0.00015382594399695129, 0.0012481814208509614], [0.005401404815073226, 0.001560504169751859, -0.0015999848170340156, 0.0015493236904348077, -0.0008884474770879595, -0.0004969191374265368, -0.00010017160749678917, -0.0013629068489503017], [-0.0032620944960566134, -0.0017075851009217687, 0.0004569943312046649, -0.0008884474770879596, 0.0031482605156326103, -0.001465980580566171, -0.0022344718183996927, 0.0010460656510251607], [-0.0024108308598010868, -0.00026266408507317075, 0.001008849857986051, -0.0004969191374265368, -0.0014659805805661713, 0.0019912955736354483, 0.0020623580034061615, 0.0002296027461127706], [-0.0015060073435250447, 0.00019822271878383076, 0.00015382594399695134, -0.0001001716074967892, -0.0022344718183996927, 0.002062358003406161, 0.0032094411873632616, 0.00023997449779878194], [-0.004224374429361366, -0.0012240708131243834, 0.0012481814208509612, -0.0013629068489503014, 0.0010460656510251607, 0.0002296027461127706, 0.00023997449779878194, 0.0029933258099723724]], [[0.32659580689787626, 0.021553799993186455, -0.06272298432932774, 0.016840658288682624, 0.032744156956234546, -0.014293182845407763, 0.0010344942096627598, -0.005505595972110223], [0.021553799993186455, 0.0017303186938414576, -0.003684989942402641, 0.0012233788307783604, 0.00213094432557244, -0.0004797250086805932, 0.00027503113446768917, -0.0010628116243945698], [-0.06272298432932774, -0.003684989942402641, 0.012851800271036206, -0.003063231638393731, -0.006318599070106888, 0.0031166302478850844, -0.0001720305955588518, 4.070337091229627e-05], [0.016840658288682624, 0.0012233788307783604, -0.003063231638393731, 0.0015743461504452538, 0.0008740408903739192, -0.00030287402743342826, 0.0003227613298363302, -0.0008956887914857233], [0.03274415695623454, 0.0021309443255724397, -0.006318599070106888, 0.0008740408903739191, 0.005430922545215057, -0.002509323658933811, -0.0011989735736240615, -0.0013344704972404755], [-0.014293182845407763, -0.0004797250086805932, 0.0031166302478850844, -0.0003028740274334283, -0.002509323658933811, 0.0029746249577015603, 0.0019390108302721632, -0.0005521181494547902], [0.00103449420966276, 0.00027503113446768917, -0.0001720305955588518, 0.0003227613298363302, -0.0011989735736240618, 0.0019390108302721632, 0.001970327970934751, 0.00033105711489956], [-0.005505595972110223, -0.0010628116243945696, 4.0703370912296414e-05, -0.000895688791485723, -0.0013344704972404757, -0.0005521181494547903, 0.00033105711489955997, 0.00477370100681677]], [[0.0005866795651237422, 0.0003580119402988579, 0.0009499980306263193, -0.0003289959815153257, -7.734692343802188e-05, -8.01453111880538e-05, 4.0296065947320896e-05, -0.00010695446239757499], [0.00035801194029885797, 0.008440965657681028, 0.006307002241910148, -0.0039034702033441606, 0.0003142371040745642, -0.0020089608226617184, 0.0038071831902310163, -0.00022462952123354144], [0.0009499980306263193, 0.006307002241910148, 0.005799619018506837, -0.003264280219189073, 0.00020798836129448152, -0.0012756390477145557, 0.0027002745558800966, -0.0003205598444758594], [-0.0003289959815153257, -0.0039034702033441606, -0.0032642802191890736, 0.0019974994446667945, -0.00024092474731918822, 0.0008927563718228116, -0.001662307885739428, 0.00012065364261830256], [-7.734692343802186e-05, 0.0003142371040745642, 0.00020798836129448152, -0.00024092474731918822, 0.00018934907852353927, -0.0001472447371941758, 3.920981412573331e-05, 1.2958422339083903e-06], [-8.01453111880538e-05, -0.0020089608226617184, -0.0012756390477145557, 0.0008927563718228116, -0.0001472447371941758, 0.000871268966014592, -0.0007486313972313324, -6.652412074886737e-05], [4.02960659473209e-05, 0.0038071831902310163, 0.002700274555880097, -0.001662307885739428, 3.9209814125733296e-05, -0.0007486313972313324, 0.001879203730166482, -0.0001013944547535809], [-0.00010695446239757502, -0.00022462952123354144, -0.0003205598444758594, 0.00012065364261830256, 1.2958422339083892e-06, -6.652412074886737e-05, -0.0001013944547535809, 0.00019869061975226558]]]}