{"weights": [0.5284754938076935, 0.2650549445204297, 0.20646956167187666], "means": [[-2.0918486676084367, -0.5148936781114576, 0.04578303255325841, -0.12905853961257557, 0.018081983402960643, -0.04030174525615529, -0.019992623091449033, -0.0014252052032400597], [2.8002511548207885, -1.8054935301525465, 0.2579614569556766, 0.30812206933153924, -0.012418309446420542, 0.08041849020700666, 0.02265524075647319, -0.0015432461173071697], [1.7594377600236955, 3.6357111052424846, -0.44834294047422313, -0.06521543626723106, -0.03034031135542828, -8.153131405903566e-05, 0.022089104766970933, 0.005629067200766738]], "cov": [[[0.019775131304309152, -0.010378050922546206, 0.008189888073957012, -0.06854789323198902, 0.022280678744985488, -0.018002437618048803, -0.007845247730831072, 0.004091265178401827], [-0.010378050922546206, 0.03294727030721318, -0.01836901431020234, 0.07184273255089826, -0.04057603782963427, 0.008202681406032565, -0.018993740967961165, -0.0037280307282249953], [0.008189888073957012, -0.01836901431020234, 0.021123659937459655, -0.09631667395213281, 0.0358869668112489, -0.01147644071569415, 0.0155324080587215, -0.006974832272318496], [-0.06854789323198902, 0.07184273255089826, -0.09631667395213281, 0.5618637169006566, -0.1809749006420782, 0.09315701723185832, -0.018616657594594105, 0.03364100991545681], [0.022280678744985488, -0.04057603782963427, 0.0358869668112489, -0.1809749006420782, 0.08038918265651256, -0.01908323012854877, 0.00971458082802166, -0.015616802954428926], [-0.018002437618048803, 0.008202681406032565, -0.01147644071569415, 0.09315701723185832, -0.01908323012854877, 0.03450072990045553, -0.00410626946868419, -0.011639435341432318], [-0.007845247730831072, -0.018993740967961165, 0.0155324080587215, -0.018616657594594105, 0.00971458082802166, -0.00410626946868419, 0.04947673561091296, 0.009988754185513874], [0.004091265178401827, -0.0037280307282249953, -0.006974832272318496, 0.03364100991545681, -0.015616802954428926, -0.011639435341432318, 0.009988754185513874, 0.02490987385749335]], [[5.8622579588433545, -2.035481849759852, -0.15936722711670032, -1.1952296833249272, 0.0617568178525686, -0.3608838038242111, -0.17302343323179234, -0.030784132127814834], [-2.035481849759852, 3.5318633174522835, 1.6392795077070055, 0.4761491792461852, 0.21988395416561, 0.09271092081378839, 4.177042657315383e-05, -0.012414897644283907], [-0.15936722711670032, 1.6392795077070055, 0.980765143497071, -0.008061499581468618, 0.052459893453722664, 0.009086042770501691, 0.0011909264400816351, 0.036940025470898245], [-1.1952296833249272, 0.4761491792461852, -0.008061499581468618, 1.015457766003964, 0.3892186546644312, -0.2099130887827009, 0.0709738214787642, -0.0762461858557127], [0.0617568178525686, 0.21988395416561, 0.052459893453722664, 0.3892186546644312, 0.785133183399732, -0.00777443550460465, -0.12032601800320794, 0.03362212480127405], [-0.3608838038242111, 0.09271092081378839, 0.009086042770501691, -0.2099130887827009, -0.00777443550460465, 0.27716806308659747, -0.06116698281512816, 0.04525054412928426], [-0.17302343323179234, 4.177042657315383e-05, 0.0011909264400816351, 0.0709738214787642, -0.12032601800320794, -0.06116698281512816, 0.0826319506173445, 0.01538334094509693], [-0.030784132127814834, -0.012414897644283907, 0.036940025470898245, -0.0762461858557127, 0.03362212480127405, 0.04525054412928426, 0.01538334094509693, 0.18047764742132097]], [[0.06993556774114723, -0.02364993766865819, 0.2902658850274592, 0.025915395242228852, 0.05852960069042349, 0.0046304626342735635, 0.01484760630221207, 0.017059935803149517], [-0.02364993766865819, 0.10345399637687319, 0.23088099874498672, -0.013961165906105856, -0.07306208668372671, -0.006436721412680042, -0.005585431015546875, -0.0004410928726152031], [0.2902658850274592, 0.23088099874498672, 3.9490830145496925, 0.14072716437851773, -0.17081027455959816, -0.004234287868101284, -0.036541418429337516, -0.026367225074001487], [0.025915395242228852, -0.013961165906105856, 0.14072716437851773, 0.06901471255472823, -0.027532379664667487, -0.014095384059045412, -0.057586719217499645, 0.012280770715805758], [0.05852960069042349, -0.07306208668372671, -0.17081027455959816, -0.027532379664667487, 0.1983452602445831, 0.06197029848141902, 0.1315597297665883, -0.002977731267894393], [0.0046304626342735635, -0.006436721412680042, -0.004234287868101284, -0.014095384059045412, 0.06197029848141902, 0.04768174526956266, 0.08463392605327892, -0.028285473399982188], [0.01484760630221207, -0.005585431015546875, -0.036541418429337516, -0.057586719217499645, 0.1315597297665883, 0.08463392605327892, 0.21128431632617828, -0.04546774885171749], [0.017059935803149517, -0.0004410928726152031, -0.026367225074001487, 0.012280770715805758, -0.002977731267894393, -0.028285473399982188, -0.04546774885171749, 0.03485316843997066]]]}