{"weights": [0.1711407506566751, 0.1677914790464447, 0.3019992743360086, 0.1241705172568737, 0.15435771459291825, 0.08054026411107965], "means": [[-6.869652157948086, -0.6477757718907855, -0.30718422471536755], [4.105089754205957, -0.5217425764283886, -0.1825417992504164], [3.228124438211781, -0.20393748883156962, 0.08481824778726536], [-0.6622448004544272, 0.5397039079145552, 0.585669809434215], [-2.9839391121735517, 0.4775000987059908, 0.43134512656912366], [0.6805590923516538, 1.480906823773329, -1.0146319236671697]], "cov": [[[0.005855833927930439, -0.00038693989966112364, 0.0009382882699187884], [-0.00038693989966112364, 0.008124159624316328, -0.005836416016027877], [0.0009382882699187884, -0.005836416016027877, 0.00516518810460111]], [[0.007791614920750048, -0.0013700198530963298, 0.0006003022329596102], [-0.0013700198530963298, 0.0033020507378687335, -0.0014148874827633116], [0.0006003022329596102, -0.0014148874827633116, 0.0007927658697771949]], [[0.2814491912408888, -0.09156317381241796, -0.061334446448042465], [-0.09156317381241796, 0.03083468909527951, 0.019315304740834222], [-0.061334446448042465, 0.019315304740834222, 0.014163941901998782]], [[0.05207715052659933, -0.004144930233080963, -0.0024751423139213863], [-0.004144930233080963, 0.001244319208279061, -0.0005968288120408338], [-0.0024751423139213863, -0.0005968288120408338, 0.001183023274550014]], [[1.011468641206498, 0.06212805128870896, 0.045803682887120806], [0.06212805128870896, 0.005519666052756886, 0.0027404988920340326], [0.045803682887120806, 0.0027404988920340326, 0.0060208600974978885]], [[0.2536791680052756, -0.01698114982499963, -0.051587566015104454], [-0.01698114982499963, 0.001994034730671391, 0.002721587476147939], [-0.051587566015104454, 0.002721587476147939, 0.011407416459541369]]]}