<<<<<<< HEAD
{"weights": [0.08715228734476356, 0.19137120258812226, 0.32546127410873393, 0.14433738360938694, 0.08053691275167785, 0.1711409395973154], "means": [[3.805973274863967, 0.4324800686649142, -0.4020448565368047], [1.1036007387080988, 0.5383948457289568, -0.544878753997605], [-3.9153431612613336, -0.4438029808149319, 0.10511210137264738], [-2.6987480483965878, -0.03254181597827431, -0.20226836298526438], [-0.6808779774036895, 1.4809941378876967, 1.0147577476136882], [6.8701383910219835, -0.6477813436909956, 0.30718975297743295]], "covariances": [[[0.16796856230097706, -0.022446050658997834, 0.02685187310896134], [-0.022446050658997834, 0.00407341908671057, -0.002087562185862546], [0.02685187310896134, -0.002087562185862546, 0.007540853606076234]], [[0.42447288442276315, 0.00020480998524479552, 0.031410795205929015], [0.00020480998524479528, 0.001374927600927397, 0.0004034344654821828], [0.031410795205929015, 0.0004034344654821828, 0.004458623644372445]], [[0.04330752007023685, 0.018523310251373364, -0.01555108700434313], [0.018523310251373364, 0.009946980259419072, -0.005500565956126898], [-0.01555108700434313, -0.005500565956126898, 0.007116202656633908]], [[0.043492289398657194, 0.013123250307802932, -0.008799257445071448], [0.013123250307802935, 0.004527625964528677, -0.0022669110717784082], [-0.008799257445071446, -0.0022669110717784082, 0.002784487091707204]], [[0.2525445433544262, 0.017308034355563138, -0.05113490266128517], [0.017308034355563138, 0.002006108474318422, -0.002847849969262223], [-0.05113490266128517, -0.002847849969262223, 0.011325932114557869]], [[0.0006190214843052821, 0.00044804839199938276, 0.000877625223391613], [0.00044804839199938276, 0.008223673364211424, 0.005837306932149635], [0.000877625223391613, 0.005837306932149635, 0.005264692322936354]]]}
=======
{"weights": [0.08715228734476356, 0.1913712025881223, 0.32546127410873393, 0.14433738360938694, 0.08053691275167785, 0.1711409395973154], "means": [[-3.805973274863967, 0.43248006866491473, 0.4020448565368049], [-1.1036007387080982, 0.5383948457289572, 0.5448787539976051], [3.9153431612613345, -0.4438029808149324, -0.10511210137264713], [2.698748048396588, -0.03254181597827447, 0.20226836298526452], [0.6808779774036897, 1.4809941378876967, -1.0147577476136884], [-6.870138391021983, -0.6477813436909956, -0.3071897529774329]], "covariances": [[[0.16796856230097637, 0.022446050658997893, 0.026851873108961238], [0.022446050658997893, 0.004073419086710607, 0.0020875621858625344], [0.026851873108961238, 0.0020875621858625344, 0.007540853606076256]], [[0.42447288442276304, -0.00020480998524480972, 0.03141079520592894], [-0.00020480998524480972, 0.0013749276009274074, -0.0004034344654821816], [0.03141079520592893, -0.00040343446548218165, 0.004458623644372438]], [[0.04330752007023689, -0.018523310251373364, -0.015551087004343123], [-0.018523310251373364, 0.009946980259419076, 0.005500565956126882], [-0.015551087004343121, 0.005500565956126882, 0.0071162026566339]], [[0.043492289398657014, -0.01312325030780292, -0.008799257445071424], [-0.01312325030780292, 0.004527625964528686, 0.002266911071778411], [-0.008799257445071424, 0.0022669110717784113, 0.0027844870917072043]], [[0.2525445433544265, -0.017308034355563138, -0.0511349026612853], [-0.017308034355563138, 0.002006108474318436, 0.0028478499692622177], [-0.051134902661285286, 0.0028478499692622177, 0.011325932114557905]], [[0.00061902148430538, -0.00044804839199937804, 0.0008776252233916972], [-0.00044804839199937804, 0.008223673364211362, -0.005837306932149608], [0.0008776252233916972, -0.005837306932149608, 0.005264692322936374]]]}
>>>>>>> 4a64afdd8a95aa19b435a4694423de34e166c9f4
