{"weights": [0.571572181007893, 0.19822177230195895, 0.2302060466901481], "means": [[-2.109908262258504, -0.5226119988128292, 0.03656651475397363, -0.02132566220441754, 0.007662292754406709, -6.0623321807726224e-05, -0.007225808590013092, -0.0058526290118431365], [4.011772747267288, -2.7141801730219717, -0.04618075428670095, 0.06793906407343715, -0.02241914956821558, -0.004260762265728673, -0.010006373549691692, -0.007604504226602753], [1.8182108099384129, 3.609108656955156, -0.051646305448063395, -0.005384679544857593, -1.0653975454686532e-05, 0.0037520438666972062, 0.026387223484638043, 0.02106389381912922]], "cov": [[[0.025313512698456202, -0.009795022473303498, 0.00838682094745539, -0.08477781996262947, 0.025711579222864798, -0.024993544437364075, -0.012668303298645855, 0.006170140083307588], [-0.009795022473303496, 0.03720461836928199, -0.01705316909113266, 0.056828651169816696, -0.043787748352283, 0.0007772723407058701, -0.01965824592000549, -0.0029746214481217647], [0.008386820947455388, -0.01705316909113266, 0.021548663239837743, -0.1029060210819194, 0.035280656142427716, -0.014509563890707438, 0.014719990356349756, -0.006704851708677205], [-0.08477781996262945, 0.056828651169816696, -0.1029060210819194, 0.669531027079777, -0.18223463971882303, 0.1402288605712274, -0.003101133714057965, 0.02645102642522894], [0.025711579222864794, -0.043787748352283, 0.035280656142427716, -0.18223463971882303, 0.08518215502746111, -0.01859213549658078, 0.0071250926675385864, -0.014657996535712151], [-0.02499354443736407, 0.0007772723407058685, -0.01450956389070744, 0.1402288605712274, -0.018592135496580776, 0.05519582739568561, 0.0021052762948360394, -0.01463577349595753], [-0.012668303298645855, -0.019658245920005486, 0.014719990356349754, -0.0031011337140579662, 0.007125092667538585, 0.0021052762948360394, 0.052478185174314435, 0.008431292017378869], [0.006170140083307588, -0.0029746214481217647, -0.006704851708677205, 0.02645102642522894, -0.014657996535712151, -0.014635773495957528, 0.008431292017378866, 0.025447981758766072]], [[0.4442471298794802, 0.1195056406763434, -0.0022696694665302873, -0.2552337650406413, -0.10069608576102333, 0.06094692382265783, -0.05116630580069243, -0.12362498314700399], [0.1195056406763434, 0.17109084165025773, 0.010696169357402254, 0.10853036988339881, 0.2891146147818249, -0.005978342977223234, -0.07063606998996529, -0.059673901144938264], [-0.002269669466530287, 0.01069616935740225, 0.010412323822079655, -0.046839148086027724, 0.024494843357786105, 0.041661412696741965, -0.015192344493908003, 0.011592581194999688], [-0.2552337650406413, 0.10853036988339881, -0.046839148086027724, 1.036700796172892, 0.4648263891559959, -0.40278145748915467, 0.06233303660440602, -0.12232328652715282], [-0.1006960857610233, 0.2891146147818249, 0.024494843357786105, 0.4648263891559959, 0.8836045021715213, -0.029933519874320184, -0.1732281765236372, -0.001677715700982111], [0.060946923822657845, -0.005978342977223227, 0.04166141269674196, -0.4027814574891547, -0.029933519874320157, 0.3179571277419481, -0.09479711545010792, 0.06678239881750692], [-0.051166305800692445, -0.07063606998996529, -0.01519234449390801, 0.062333036604406034, -0.1732281765236372, -0.09479711545010792, 0.08725689265480477, 0.017116956679390415], [-0.12362498314700401, -0.05967390114493828, 0.011592581194999691, -0.12232328652715285, -0.0016777157009821124, 0.06678239881750693, 0.017116956679390415, 0.22294737629612044]], [[0.1382234461335551, -0.10024935878798617, 0.4257806099921567, 0.09357718715875914, 0.14033735161231695, 0.015654179188472225, 0.022422153458924277, 0.04809333132533875], [-0.10024935878798616, 0.18831961671394012, 0.1604695736853898, -0.08400387321435085, -0.1804933940079377, -0.02078368507535333, -0.01835103813993372, -0.04327543263296779], [0.4257806099921567, 0.16046957368538983, 4.913351506478842, 0.29824777935045577, -0.1094547715693142, 0.0005316798275979571, -0.021282581196753542, 0.007867591177477436], [0.09357718715875915, -0.08400387321435084, 0.29824777935045577, 0.13073997592440992, 0.05249769790381611, -0.0014554107702450848, -0.04617464645563977, 0.039481271246868906], [0.14033735161231695, -0.1804933940079377, -0.1094547715693142, 0.05249769790381611, 0.30391023594701805, 0.072436496250192, 0.12988768570862338, 0.03770677629882728], [0.015654179188472225, -0.020783685075353334, 0.0005316798275979567, -0.0014554107702450764, 0.072436496250192, 0.047028970941062134, 0.07574334462330311, -0.022531366664179313], [0.022422153458924274, -0.01835103813993374, -0.02128258119675354, -0.04617464645563977, 0.12988768570862338, 0.07574334462330312, 0.19966661044652156, -0.03626494436034929], [0.04809333132533875, -0.043275432632967785, 0.007867591177477436, 0.039481271246868906, 0.03770677629882728, -0.022531366664179316, -0.036264944360349285, 0.046130446278678156]]]}