{"weights": [0.056759356315460516, 0.11490996040991884, 0.30948982942997566, 0.2839350665857012, 0.15427047761482762, 0.08063530964411604], "means": [[3.779183154870745, 0.4369881663086296, -0.40421809379293466, 0.14545715787211924, -0.03344221475807636, 0.01576653325362923, 0.10210934065731417, 0.005526549105924991], [-0.6186661585046843, 1.4872338705365777, 1.003001839099996, -0.008281883927440723, 0.017503296194780114, 0.0022550700968053737, -0.0015693490340182173, -0.010947051341576418], [-3.911682875627471, -0.4426335659284059, 0.10371622561442204, 0.024250199850114996, 0.02549471329100311, 0.0017175179150698623, 0.00908950973385075, 0.005488726285774342], [1.0787917692659115, 0.5371602072108295, -0.5453022373440961, 0.002041476173177833, 0.04920153300763229, -0.01200699252431555, -0.0450298775797051, 0.005463637511670596], [-2.7159961610051333, -0.03753267260276299, -0.19788902060906063, -0.10029322499563013, -0.10076616172757694, 0.004341320683180614, -0.008400230043174193, -0.019493631140322508], [6.869821612438761, -0.6496183470618219, 0.30560415571256394, -0.04152828801431587, -0.0024232162416126493, -0.0017463267665363273, -0.012871415800946584, -0.0014273868085957276]], "cov": [[[0.1955270366859193, -0.02614308465737164, 0.031259461021697375, -0.005207682543358468, -0.00788325179039512, -0.0005689475206745471, 0.006861979188015397, 0.004159114229197194], [-0.02614308465737164, 0.004618781318731986, -0.0024643095862812094, -0.0006997018014191229, 0.0013605835927087914, -0.00011653347538347087, -0.0011514760637909604, -0.0005635440171894936], [0.031259461021697375, -0.0024643095862812094, 0.008578384011563174, -0.0038360182157634684, -0.0007222577022297509, -0.0002391070692867437, 4.05546568641191e-06, 0.0010280605610135478], [-0.005207682543358469, -0.0006997018014191227, -0.0038360182157634684, 0.0033890084553614393, -0.001040115881552484, 0.0002106067504117022, 0.0008912342131015782, -0.00022057072649008932], [-0.007883251790395122, 0.0013605835927087914, -0.000722257702229751, -0.001040115881552484, 0.0022620573526502133, 0.00024972247410924727, -0.00048767292169530946, -0.0004872098385021329], [-0.0005689475206745472, -0.00011653347538347085, -0.0002391070692867436, 0.00021060675041170221, 0.00024972247410924716, 0.0017048946971891818, -0.00011111708190633455, 3.5807172124193545e-05], [0.006861979188015397, -0.0011514760637909604, 4.055465686412029e-06, 0.0008912342131015782, -0.00048767292169530935, -0.00011111708190633458, 0.000906489732679431, -0.0001232147359397991], [0.004159114229197194, -0.0005635440171894937, 0.0010280605610135478, -0.00022057072649008937, -0.0004872098385021329, 3.58071721241935e-05, -0.00012321473593979908, 0.0009355855234411886]], [[0.27618610110818653, 0.01893327210310509, -0.05593630344203854, 0.007984852955856785, 0.04099414861826065, 0.004167107583133481, 0.012590807410590925, -0.011750745847381183], [0.018933272103105095, 0.002156854248972282, -0.0030444829468059664, 0.0003405361831374413, 0.003112418157015909, 0.00017915055799589376, 0.0011052458432733551, -0.001219005876270358], [-0.055936303442038544, -0.0030444829468059664, 0.012364833010740634, -0.0016335579425908828, -0.008293051221124535, -0.0005775986422567901, -0.002477300080982273, 0.0021507534573028246], [0.007984852955856787, 0.00034053618313744125, -0.0016335579425908828, 0.0009941882193460116, 0.0002195492999817206, 3.5218968160980186e-05, 0.000257241386533247, -0.00018557765367375602], [0.040994148618260645, 0.0031124181570159086, -0.008293051221124535, 0.00021954929998172076, 0.008637377347883135, 0.0015335326533023445, 0.0019440507207667663, -0.0035027652014458415], [0.004167107583133482, 0.00017915055799589376, -0.0005775986422567902, 3.5218968160980125e-05, 0.0015335326533023447, 0.004886154824999715, -0.0006249515574327974, 0.00041151745635137224], [0.012590807410590925, 0.0011052458432733551, -0.002477300080982273, 0.00025724138653324694, 0.0019440507207667663, -0.0006249515574327974, 0.0008338862003299428, -0.0009322610228340478], [-0.011750745847381184, -0.001219005876270358, 0.0021507534573028246, -0.00018557765367375602, -0.003502765201445842, 0.00041151745635137224, -0.0009322610228340478, 0.003870159362168056]], [[0.04340677953250596, 0.018587749284575916, -0.015609723158037892, -0.03940971089061146, -0.00877854346318562, 0.0015472937864273082, 0.001032112171252807, -0.0002225552130253282], [0.01858774928457592, 0.009914053404578143, -0.005488937920828835, -0.01840744073732512, -0.002679478349015256, 0.0004862234070759534, 0.0014902850062831704, 0.0002805993133445136], [-0.015609723158037892, -0.005488937920828835, 0.007066575086008527, 0.016282057526739325, 0.0021009999558535618, -0.00037574336510698793, -0.00020756374742491218, 0.0002512315818399463], [-0.03940971089061146, -0.01840744073732512, 0.016282057526739325, 0.057215724449070936, -0.001888557523201886, 5.8141756638002115e-05, -0.003475340232275279, 0.0003436226535221338], [-0.00877854346318562, -0.002679478349015256, 0.0021009999558535618, -0.001888557523201886, 0.0141696601401652, -0.00036193998582595785, 0.0017308594981095848, -0.0007070494417761331], [0.0015472937864273082, 0.0004862234070759533, -0.00037574336510698793, 5.814175663800211e-05, -0.00036193998582595806, 0.004100187275840003, -0.0005550575775433431, -0.00015480674912486385], [0.0010321121712528073, 0.0014902850062831706, -0.00020756374742491205, -0.003475340232275279, 0.001730859498109585, -0.000555057577543343, 0.0010295801626697327, -0.00010438509154900549], [-0.00022255521302532813, 0.0002805993133445138, 0.0002512315818399463, 0.0003436226535221337, -0.0007070494417761331, -0.00015480674912486387, -0.00010438509154900543, 0.003153129465682055]], [[0.44070679431463056, 0.0002381844446395157, 0.032699781402022135, 0.03683919744562065, -0.005538638357542953, -0.005248525343935239, -0.022141067116685512, -0.011692111092003103], [0.00023818444463951575, 0.001330773251056181, 0.00042299359562156534, 0.00024449487233823224, -0.0015098865169361376, 0.0002461252366365765, 0.0007009396494373939, 0.00015549620089160828], [0.032699781402022135, 0.00042299359562156534, 0.004542727513523639, 0.0028343522664423704, -0.0014442543033264792, -0.0010645801764363266, -0.002794981201829874, -0.0006688976894410106], [0.03683919744562065, 0.0002444948723382323, 0.0028343522664423704, 0.005739693118794383, -0.0020213117322806957, -0.0012084214064470719, -0.0017382732317892983, -0.0017652915415493906], [-0.005538638357542953, -0.0015098865169361376, -0.0014442543033264792, -0.0020213117322806953, 0.0036114788272358788, 0.0006106797166727493, -0.0002743241026243838, 0.00015907896251256214], [-0.005248525343935239, 0.0002461252366365764, -0.0010645801764363266, -0.0012084214064470719, 0.0006106797166727494, 0.003271604121246282, 0.0006553666900302129, 0.00017795869417069972], [-0.022141067116685512, 0.000700939649437394, -0.002794981201829874, -0.0017382732317892985, -0.00027432410262438376, 0.0006553666900302131, 0.002765632356276493, 0.0004091065750420142], [-0.011692111092003103, 0.00015549620089160836, -0.0006688976894410105, -0.0017652915415493908, 0.00015907896251256224, 0.00017795869417069966, 0.0004091065750420142, 0.0021207501947593066]], [[0.04701431813146238, 0.014214249601083398, -0.009525562207077773, 0.0051529732599236424, -0.002586040825604385, 0.004553168477650656, -0.0002664878156687526, -0.0003512391415035405], [0.014214249601083397, 0.004816641318227022, -0.0024306779620755538, 0.0012299324683202192, -0.0012058064021319298, 0.0010287302670907651, 0.00015123218138238852, -0.00024694350635573096], [-0.009525562207077773, -0.0024306779620755538, 0.0029628370264357185, -0.0014204303961378067, 0.0003136434551454313, -0.0008955895577380642, -0.0003282100858333463, -5.9908611794768915e-05], [0.0051529732599236424, 0.0012299324683202192, -0.0014204303961378065, 0.002063794501056894, -0.0011361862273583736, 0.0005598290117523057, 6.22549169493055e-05, -0.0005631432120445397], [-0.002586040825604385, -0.0012058064021319298, 0.0003136434551454313, -0.0011361862273583736, 0.0023033017088810895, 0.000859379838752816, -0.0004973619421682608, 0.00039322521967972773], [0.004553168477650656, 0.0010287302670907651, -0.0008955895577380642, 0.0005598290117523056, 0.000859379838752816, 0.003600803300994847, -0.0008907299300987251, 4.533711277589584e-05], [-0.0002664878156687526, 0.00015123218138238852, -0.0003282100858333463, 6.225491694930548e-05, -0.0004973619421682609, -0.0008907299300987251, 0.0007921513766382708, -0.00044854187965082814], [-0.0003512391415035405, -0.00024694350635573096, -5.9908611794768935e-05, -0.0005631432120445394, 0.00039322521967972773, 4.5337112775895844e-05, -0.00044854187965082814, 0.002559907198716868]], [[0.0005539914301892569, 0.0005347526690225382, 0.0009694116611381351, -0.0003221080399078223, -0.00011389709831316303, -8.123649031239959e-05, 0.0002148277160092115, -0.00018699493323581337], [0.0005347526690225382, 0.00928255251601259, 0.006709111452573306, -0.004266845678809093, 0.0003091533118195897, -0.00042860332834473167, 0.004093091840135029, 0.0009692888809614502], [0.0009694116611381351, 0.006709111452573306, 0.005867410620001141, -0.0033544323558296627, 0.00019680811608136498, -0.00054705192248602, 0.002710820816703021, 0.00044792616044229163], [-0.00032210803990782226, -0.004266845678809093, -0.0033544323558296627, 0.00218599174458378, -0.0003344916906138036, 8.526936661789494e-05, -0.0017314250247140734, -0.000534030616483137], [-0.000113897098313163, 0.0003091533118195896, 0.00019680811608136498, -0.0003344916906138035, 0.00032627709201798306, 0.0002683948395783914, 1.1885955166127379e-05, 0.0002297797844236093], [-8.123649031239952e-05, -0.0004286033283447316, -0.0005470519224860199, 8.526936661789495e-05, 0.0002683948395783914, 0.0006884595479344926, -0.0001749917933281211, 0.00023536794718728872], [0.0002148277160092116, 0.004093091840135029, 0.002710820816703021, -0.0017314250247140736, 1.1885955166127401e-05, -0.0001749917933281211, 0.001967191358371713, 0.0003669092394935192], [-0.00018699493323581337, 0.0009692888809614502, 0.0004479261604422916, -0.0005340306164831371, 0.00022977978442360932, 0.00023536794718728878, 0.0003669092394935192, 0.0005035946159633928]]]}