{"weights": [0.17114093959020715, 0.1677852351829778, 0.30201342217469135, 0.12416107425423827, 0.15436241589407804, 0.0805369129038072], "means": [[6.870138368851875, -0.6477813434364719, 0.307189752725665, -0.04274227705979197, -0.0018639562935545133, -0.0008669753760747539, -0.012272896012564581, -0.0008756565051931413], [-4.105669706510139, -0.5217627066650757, 0.1825578743257453, 0.23223214753868004, 0.04856300860371212, -0.005155794763303223, 0.002609750940575667, 0.009506406301098152], [-3.228174548772488, -0.20394327198470313, -0.08481571318353535, -0.14798806378996557, -0.04699084119089878, 0.005792979700622833, 0.004831821908171138, -0.009077265783286865], [0.6625433719683047, 0.5397895390264726, -0.5857338256365549, -0.0402283559668818, 0.05860656422802683, 0.00021857611291415283, -0.01448221576592964, 0.01876830531890046], [2.984110959322542, 0.4774740449311347, -0.4313737218585015, 0.12101967874187625, -0.0075160518839454986, -0.00599803673505529, 0.01585247707659636, -0.00541870743965398], [-0.6808779629251606, 1.480994133923184, 1.0147577419007023, -0.007970066336309646, 0.0030576057066065664, 0.0020191534987009426, -0.005533574188241715, -0.0024531113561793486]], "cov": [[[0.0005192648230612181, 0.0004480456005625096, 0.0008776279861748608, -0.0002806933384900314, -0.00010699069570070679, -7.493546788083461e-05, 0.00017489295163096268, -0.00018102275872726025], [0.0004480456005625096, 0.008123673386514691, 0.005837306891513151, -0.003722091450159845, 0.0002676051382027545, -0.00037318503367476436, 0.003591099824812602, 0.0008534804152299469], [0.0008776279861748608, 0.005837306891513151, 0.005164692345473154, -0.0029350373211882563, 0.00017119105045743552, -0.00048693634044018043, 0.0023434803533773775, 0.0003758651178789956], [-0.0002806933384900314, -0.003722091450159845, -0.0029350373211882563, 0.0019214392904417824, -0.00030825653378390556, 5.924181529097381e-05, -0.0015014662475561857, -0.00047665600389533707], [-0.00010699069570070679, 0.0002676051382027545, 0.00017119105045743552, -0.00030825653378390556, 0.0003113510812842843, 0.0002614447876622588, -1.2806893855329288e-06, 0.00021726251391852223], [-7.493546788083461e-05, -0.00037318503367476436, -0.00048693634044018043, 5.924181529097381e-05, 0.0002614447876622588, 0.0006523717935152297, -0.00015689664352091606, 0.00023036515800300958], [0.00017489295163096268, 0.003591099824812602, 0.0023434803533773775, -0.0015014662475561857, -1.2806893855329288e-06, -0.00015689664352091606, 0.0017414453519071468, 0.0003193950069930196], [-0.00018102275872726025, 0.0008534804152299469, 0.0003758651178789956, -0.00047665600389533707, 0.00021726251391852223, 0.00023036515800300958, 0.0003193950069930196, 0.00047138551363336994]], [[0.002127769342244505, 0.0014039826590500225, 0.0005611575699629053, 0.0012041600597905973, -0.0023038983107014697, 0.0009202864308506446, -0.0005274017957799431, -0.00017208677730973958], [0.0014039826590500225, 0.003290589511839809, 0.0014240469424166935, -0.003651358912654409, 0.0028806034494767412, 0.00017062254576603517, 0.0012391370252812554, -2.561685391498356e-05], [0.0005611575699629053, 0.0014240469424166935, 0.0007849104895962848, -0.0011948884274955891, 0.0011476448356922562, 0.00024267042556202177, 0.00046620316386006863, -0.000275458495807829], [0.0012041600597905973, -0.003651358912654409, -0.0011948884274955891, 0.01790643073862689, -0.008463798163217684, 0.0013248339087214166, -0.0031090482219469084, -0.0008861142725478005], [-0.0023038983107014697, 0.0028806034494767412, 0.0011476448356922562, -0.008463798163217684, 0.015530026564167403, -0.0010414494622243958, 0.0037980291672794495, 0.000535928582669313], [0.0009202864308506446, 0.00017062254576603517, 0.00024267042556202177, 0.0013248339087214166, -0.0010414494622243958, 0.00408770509958424, -0.0009441272918608973, -9.274180309779237e-05], [-0.0005274017957799431, 0.0012391370252812554, 0.00046620316386006863, -0.0031090482219469084, 0.0037980291672794495, -0.0009441272918608973, 0.0013712269932306266, -3.7721137012671005e-05], [-0.00017208677730973958, -2.561685391498356e-05, -0.000275458495807829, -0.0008861142725478005, 0.000535928582669313, -9.274180309779237e-05, -3.7721137012671005e-05, 0.0026529849434079726]], [[0.28115968235427485, 0.0915062272645871, -0.06129492824757863, 0.02770549504871361, -0.030165247083656484, 0.00276866246994252, -0.006468252314456581, -0.004536783539893981], [0.0915062272645871, 0.030823095428447828, -0.019307119553441308, 0.00881274398358902, -0.011337646302056541, 0.0006360286633930338, -0.001674686922677388, -0.001130112667751902], [-0.06129492824757863, -0.019307119553441308, 0.01415804189962669, -0.00596069472072994, 0.005493740296246361, -0.0006887160833836554, 0.0013791975169387845, 0.0011292889014926104], [0.02770549504871361, 0.00881274398358902, -0.00596069472072994, 0.005960158209355336, -0.005506561586695317, 0.0007284148169428043, -0.0009366946326745873, -0.0008414356371554395], [-0.030165247083656484, -0.011337646302056541, 0.005493740296246361, -0.005506561586695317, 0.0093630846359043, 0.0005767962836494315, 0.0003218644237202043, -0.0004235402327060283], [0.00276866246994252, 0.0006360286633930338, -0.0006887160833836554, 0.0007284148169428043, 0.0005767962836494315, 0.003487512920329424, -0.0004944905740201858, -0.00016162309941592694], [-0.006468252314456581, -0.001674686922677388, 0.0013791975169387845, -0.0009366946326745873, 0.0003218644237202043, -0.0004944905740201858, 0.0007604721497178492, -0.00012585636502547616], [-0.004536783539893981, -0.001130112667751902, 0.0011292889014926104, -0.0008414356371554395, -0.0004235402327060283, -0.00016162309941592694, -0.00012585636502547616, 0.0029990726875699257]], [[0.050022029707187166, 0.0038276704350224703, -0.0022764060244891107, 0.0006998120037654793, 0.0009692059222091459, 0.006037333002409542, 0.002144457675224391, -0.0009030510173703022], [0.0038276704350224703, 0.0011795196924839618, 0.0006408939541880246, -5.968378235221802e-05, -0.0013272178617551326, 0.0006921553669788156, 0.0003991091701030736, -4.968857805419412e-05], [-0.0022764060244891107, 0.0006408939541880246, 0.0011522714397309037, -9.16822621107972e-05, -0.0014414331813500064, -0.00013562453278048215, -0.00014468513404911946, 0.0001044881456556805], [0.0006998120037654793, -5.968378235221802e-05, -9.16822621107972e-05, 0.0009908323984577855, -0.00023541908709334534, -0.00012132675558609812, -3.2327355539334846e-06, -0.0005834348314388247], [0.0009692059222091459, -0.0013272178617551326, -0.0014414331813500064, -0.00023541908709334534, 0.0030226628893846755, -0.0002900558440543975, -0.000229782990682409, 0.00010553271076822342], [0.006037333002409542, 0.0006921553669788156, -0.00013562453278048215, -0.00012132675558609812, -0.0002900558440543975, 0.003140511319568332, 0.00011667352063560494, 0.00016994788053275307], [0.002144457675224391, 0.0003991091701030736, -0.00014468513404911946, -3.2327355539334846e-06, -0.000229782990682409, 0.00011667352063560494, 0.0004655531227662937, -0.00031245623437048625], [-0.0009030510173703022, -4.968857805419412e-05, 0.0001044881456556805, -0.0005834348314388247, 0.00010553271076822342, 0.00016994788053275307, -0.00031245623437048625, 0.0019966281575866506]], [[1.0110063676121885, -0.06203993394878002, 0.04592015074359569, 0.025153741873368964, -0.032307544903043516, 0.0255065154844314, 0.09939425254328083, 0.012684484168103093], [-0.06203993394878002, 0.005495914627834888, -0.0027746423112950946, -0.0014622082931938477, 0.001590365718125046, -0.00169078865263397, -0.005300949170200114, -0.0006587438217042339], [0.04592015074359569, -0.0027746423112950946, 0.005970505667362087, -0.0015454806074473196, -0.0011090913744589562, 0.0007421020844710405, 0.002909267549129442, 0.0012434896248496256], [0.025153741873368964, -0.0014622082931938477, -0.0015454806074473196, 0.004183933472818085, -0.0027680162921907983, 0.0008234249041695294, 0.004501930465016924, -6.216498156679438e-05], [-0.032307544903043516, 0.001590365718125046, -0.0011090913744589562, -0.0027680162921907983, 0.0039254886229877495, -2.395216382148063e-05, -0.004394371515813319, -0.0008378537017779062], [0.0255065154844314, -0.00169078865263397, 0.0007421020844710405, 0.0008234249041695294, -2.395216382148063e-05, 0.0025468641860919164, 0.0023916918871873835, 9.756489733947082e-06], [0.09939425254328083, -0.005300949170200114, 0.002909267549129442, 0.004501930465016924, -0.004394371515813319, 0.0023916918871873835, 0.01146647686866264, 0.0009379554190939748], [0.012684484168103093, -0.0006587438217042339, 0.0012434896248496256, -6.216498156679438e-05, -0.0008378537017779062, 9.756489733947082e-06, 0.0009379554190939748, 0.0011010710471586035]], [[0.25244459941590636, 0.017308019512288993, -0.05113492321609853, 0.007284519181132428, 0.03752344853555581, 0.003806875724452836, 0.01151450705994961, -0.010801316645680927], [0.017308019512288993, 0.0019061124669299133, -0.0028478442358229024, 0.0003137198831286606, 0.002807781403446238, 0.00017555595723751317, 0.000989773402222543, -0.0010236960470837446], [-0.05113492321609853, -0.0028478442358229024, 0.011225940355588304, -0.0014896172056314122, -0.007602188274939086, -0.0005428141511703614, -0.0022759361218331856, 0.0020218538232406186], [0.007284519181132428, 0.0003137198831286606, -0.0014896172056314122, 0.000898257460365266, 0.00026560100991775636, 4.2779188952871685e-05, 0.00024145386088312911, -0.00028208217675413315], [0.03752344853555581, 0.002807781403446238, -0.007602188274939086, 0.00026560100991775636, 0.007632159784969122, 0.0013708856431280225, 0.0017525386004937943, -0.0028778605051804004], [0.003806875724452836, 0.00017555595723751317, -0.0005428141511703614, 4.2779188952871685e-05, 0.0013708856431280225, 0.004138661049747644, -0.000510517445244664, 0.0002630928097820332], [0.01151450705994961, 0.000989773402222543, -0.0022759361218331856, 0.00024145386088312911, 0.0017525386004937943, -0.000510517445244664, 0.0007424344036002015, -0.000784158717044751], [-0.010801316645680927, -0.0010236960470837446, 0.0020218538232406186, -0.00028208217675413315, -0.0028778605051804004, 0.0002630928097820332, -0.000784158717044751, 0.0031140222713647203]]]}