{"weights": [0.17113994792520826, 0.16722142960833752, 0.30257014399802573, 0.12417051849467331, 0.15435770344708202, 0.08054025652667313], "means": [[-6.8697030528179175, -0.6477765575864439, -0.30718465720089605], [4.105415606126497, -0.52200105926981, -0.18240862577688535], [3.2295983316118764, -0.20439407487819233, 0.08424016749441972], [-0.6622448094385762, 0.5397039073768092, 0.5856698088196547], [-2.983939215838324, 0.47750014111740446, 0.4313450448097564], [0.6805591635928402, 1.4809068202842965, -1.0146319376072388]], "cov": [[[0.005300631553985255, -0.000395529455256915, 0.0009335781698486719], [-0.000395529455256915, 0.008124058552989134, -0.005836514600001387], [0.0009335781698486719, -0.005836514600001387, 0.005165171385635827]], [[0.007783331601431206, -0.001344100882592784, 0.0005885805500763065], [-0.001344100882592784, 0.00328852076565736, -0.00140867064511674], [0.0005885805500763065, -0.00140867064511674, 0.0007900869477441068]], [[0.2820724595522092, -0.09174987461096154, -0.06166912866770114], [-0.09174987461096154, 0.0308896915784151, 0.019418035604867424], [-0.06166912866770114, 0.019418035604867424, 0.014314130500845257]], [[0.05207718154792851, -0.004144930472418432, -0.0024751407811404317], [-0.004144930472418432, 0.0012443194985793376, -0.0005968286040770685], [-0.0024751407811404317, -0.0005968286040770685, 0.0011830235287738427]], [[1.011468642836306, 0.0621281942487246, 0.04580345299033934], [0.0621281942487246, 0.00551972113520298, 0.002740429033876107], [0.04580345299033934, 0.002740429033876107, 0.006020943293320056]], [[0.2536790693772157, -0.016981164376909694, -0.05158754127685914], [-0.016981164376909694, 0.001994030528922028, 0.0027215918380193633], [-0.05158754127685914, 0.0027215918380193633, 0.011407409960849095]]]}