{"weights": [0.4403290149669557, 0.40818484200994554, 0.15148614302309876], "means": [[-2.1145763056568327, -0.5247759283807645, 0.029351519267563398, 0.011299539145361918, 0.0003530942107501535, 0.0042572658852579786, -0.008966585634657354, -0.0006470454232360702], [1.8003843223583702, 3.6161384197616746, -0.06347380398486932, -0.014763457346182608, -0.05026980199099939, -0.01242130551885388, 0.0074226462371399056, 0.010543456111011863], [4.0175575069564315, -2.7411816498381163, -0.05479163249254429, 0.05884939000828971, -0.08821711703986249, 0.013237508210792738, -0.0005990354230432135, -0.022142886620769096]], "cov": [[[0.027833234503680873, -0.01208815903462526, 0.008891151833189016, -0.09012675266319119, 0.028913196802377646, -0.02668727363663647, -0.013652932136838455, 0.0074207469964484], [-0.01208815903462526, 0.03810932715432774, -0.016979839829530653, 0.06110322011104651, -0.045091175712327784, 0.003014166606177049, -0.018006566450895472, -0.004500276152421524], [0.008891151833189016, -0.016979839829530653, 0.022715652208541704, -0.11051055188692248, 0.03657399160289415, -0.016246751691521802, 0.015030006687640991, -0.007204268797864917], [-0.09012675266319119, 0.06110322011104651, -0.11051055188692248, 0.7165112876373019, -0.19530827683684066, 0.14945529835811622, -0.0042363772602966214, 0.028779305093929914], [0.02891319680237765, -0.045091175712327784, 0.03657399160289415, -0.19530827683684066, 0.08990745169916686, -0.02131642470415481, 0.004142633781724747, -0.015268171544449618], [-0.02668727363663647, 0.003014166606177048, -0.016246751691521802, 0.14945529835811622, -0.021316424704154804, 0.05854584551998622, -0.0003692991051292223, -0.016509697643655206], [-0.013652932136838455, -0.018006566450895475, 0.015030006687640991, -0.004236377260296622, 0.004142633781724749, -0.0003692991051292203, 0.05538727629692848, 0.0099282417155028], [0.0074207469964484, -0.004500276152421525, -0.007204268797864916, 0.028779305093929914, -0.015268171544449621, -0.016509697643655206, 0.0099282417155028, 0.02896098088336392]], [[0.1592083541981554, -0.09952062200863639, 0.6268208407438702, 0.10460944559051191, 0.1473085417095534, 0.019090939318688778, 0.02897287563204387, 0.04827037937783688], [-0.0995206220086364, 0.19283376992098789, 0.23228350948256446, -0.08145750653361651, -0.19598552916509113, -0.027461541087010564, -0.032089585009741114, -0.042582998454447615], [0.6268208407438703, 0.23228350948256446, 7.196597124551959, 0.44176778663886546, -0.15897366942634703, -0.0003924031859413473, -0.03470754589763441, 0.014273851595941313], [0.10460944559051193, -0.08145750653361651, 0.44176778663886546, 0.13486036554646041, 0.05603430502940857, 0.005350936647755405, -0.033154988660055285, 0.03349464872920458], [0.14730854170955343, -0.19598552916509115, -0.158973669426347, 0.05603430502940857, 0.32169253663202735, 0.0736433701056679, 0.1333694149326464, 0.04305029492439242], [0.019090939318688778, -0.02746154108701058, -0.0003924031859413479, 0.00535093664775541, 0.0736433701056679, 0.045087491043818546, 0.07117842896541317, -0.019653778583100714], [0.028972875632043878, -0.03208958500974112, -0.03470754589763441, -0.03315498866005527, 0.1333694149326464, 0.07117842896541317, 0.18191036931851312, -0.02935357648795283], [0.04827037937783688, -0.042582998454447615, 0.014273851595941313, 0.033494648729204574, 0.04305029492439241, -0.019653778583100717, -0.029353576487952837, 0.04360585590322454]], [[0.5309000738541183, 0.13398319020787391, -0.008686260220975975, -0.2582107295085064, -0.154729493136467, 0.04050258380633152, -0.04416019837308805, -0.1731091763011529], [0.13398319020787391, 0.1789442161027422, 0.006994831621099295, 0.14281150856594535, 0.28896657300190226, -0.02880156020776231, -0.06605638844618734, -0.07893188677286742], [-0.008686260220975971, 0.0069948316210992935, 0.010898111759520651, -0.049494533994220415, 0.021729862623518614, 0.04359020341672245, -0.014001671916788206, 0.015987923383022885], [-0.2582107295085064, 0.14281150856594535, -0.049494533994220415, 1.1476680359056797, 0.5525630087100107, -0.4334102555140636, 0.054828024879389044, -0.1396077448864479], [-0.15472949313646697, 0.28896657300190226, 0.021729862623518614, 0.5525630087100107, 0.9320123810175772, -0.0652429667481104, -0.16604842391213462, 0.0026977291666229796], [0.040502583806331524, -0.02880156020776234, 0.04359020341672245, -0.4334102555140636, -0.06524296674811042, 0.34162423025145916, -0.08829289589046732, 0.09423535649019585], [-0.04416019837308806, -0.06605638844618733, -0.014001671916788208, 0.054828024879389044, -0.16604842391213462, -0.08829289589046733, 0.08356611945351054, 0.016443923008443304], [-0.17310917630115286, -0.07893188677286742, 0.015987923383022885, -0.1396077448864479, 0.002697729166622977, 0.09423535649019582, 0.016443923008443304, 0.26224140024074055]]]}