{"weights": [0.17222190444368154, 0.16667296206953186, 0.299986144080652, 0.1277868491471863, 0.15555083218318988, 0.07778130807575837], "means": [[-6.852720482378412, -0.6533821628345493, -0.2915477141876142, 0.03724980810133174, -0.0016596422959656444, -0.007832688251792782, 0.008902667938079386, -0.0015991316180388915, 0.0024812603156751573, 0.0013457593397559419], [4.116801531541836, -0.5168312671500801, -0.1760189903784162, -0.22420942685702003, 0.04457278073084834, 0.0004593202239959704, -0.008245796949576677, -0.009396677303487375, 0.0016969239360382364, -0.006872574455115388], [3.272945306810364, -0.21855110301754962, 0.08106017510956087, 0.1439336657649909, -0.03722532149368401, 0.007029559725760422, 0.002279847042190305, 0.011364720060287683, -0.0012446294433109972, 0.00423874437287391], [-0.693046029134274, 0.5558345314608566, 0.5676086863035078, 0.039175006059360605, 0.06445575158304515, -0.003559278643090494, 0.005619430420761739, -0.016328522664160468, 0.007970053866160343, 0.008734580697370856], [-2.8466330318124045, 0.5037079854191194, 0.4099056166875823, -0.10944568175592072, -0.01161826772399366, -0.0021785322400469757, -0.01199999554444067, 0.006998773264362251, -0.007453878206358375, -0.012974340481747327], [-6.641544813445345, 1.8775940390684507, 0.40942723333562125, -0.2898057676790809, 0.8350458660388208, 0.4199455589413277, 0.04820519849770037, -0.014983019263927654, -0.2743317687699881, -0.3232857893434818]], "cov": [[[0.0057880108903794955, -0.0002989627356130404, 0.0009682922329546729, -0.00044653588967196486, 9.128939412281576e-05, -7.133230675261388e-05, 4.382615810588042e-05, -0.00010575437731260938, 4.858255000136804e-05, 0.00040821232240502415], [-0.0002989627356130404, 0.008260395650222446, -0.006192134648861579, 0.0038263888928208823, 0.0003085158359007362, 0.0019619670414098805, -0.003722366473793943, 0.0002209222493023471, -2.0803418883648066e-06, -0.0035587597849863154], [0.0009682922329546729, -0.006192134648861579, 0.005659809691196008, -0.0031952021556519903, -0.0002049948071241674, -0.0012618957953921476, 0.002655050222165469, -0.0003103637449109831, 3.334224157431851e-05, 0.003107117703445599], [-0.00044653588967196486, 0.0038263888928208823, -0.0031952021556519903, 0.001953197521460004, 0.00022724434812985915, 0.0008731522194612126, -0.00163589125922464, 0.00012059195637597258, 3.547491616225974e-05, -0.0018144082371353148], [9.128939412281576e-05, 0.0003085158359007362, -0.0002049948071241674, 0.00022724434812985915, 0.0001703624415832998, 0.00013600274459689212, -4.909235533965028e-05, -2.9781743868673813e-07, 7.522433657250958e-05, -0.0001620688984628456], [-7.133230675261388e-05, 0.0019619670414098805, -0.0012618957953921476, 0.0008731522194612126, 0.00013600274459689212, 0.0008124458869383073, -0.000748406435763818, -5.4514351162798716e-05, 6.12804102923659e-05, -0.0007975766436518122], [4.382615810588042e-05, -0.003722366473793943, 0.002655050222165469, -0.00163589125922464, -4.909235533965028e-05, -0.000748406435763818, 0.001820959166245468, -9.788104071988766e-05, 5.3959717860850695e-05, 0.0015088885030680164], [-0.00010575437731260938, 0.0002209222493023471, -0.0003103637449109831, 0.00012059195637597258, -2.9781743868673813e-07, -5.4514351162798716e-05, -9.788104071988766e-05, 0.0001769780659150472, -1.1655261971425421e-05, -0.00012962574843942024], [4.858255000136804e-05, -2.0803418883648066e-06, 3.334224157431851e-05, 3.547491616225974e-05, 7.522433657250958e-05, 6.12804102923659e-05, 5.3959717860850695e-05, -1.1655261971425421e-05, 0.00022809672798382557, 5.309611716124962e-05], [0.00040821232240502415, -0.0035587597849863154, 0.003107117703445599, -0.0018144082371353148, -0.0001620688984628456, -0.0007975766436518122, 0.0015088885030680164, -0.00012962574843942024, 5.309611716124962e-05, 0.001816754564717266]], [[0.007287064885180753, -0.0008845001115913435, 0.00043377631350365487, 0.0006123951846602273, 0.001803558849172607, -5.675033518547717e-05, -0.0005527634132346098, 0.0002716276095761393, 0.0002768121693251831, -3.8878541174995634e-05], [-0.0008845001115913435, 0.002607318837608768, -0.0011634907598340348, 0.0023841215955931316, 0.0030140575761991987, 0.0003206455493582374, -0.001302232153295487, 0.00017387925085299375, -0.0003428914747126916, 7.64936806797969e-05], [0.00043377631350365487, -0.0011634907598340348, 0.0006852154367175574, -0.0004731763635397321, -0.0011905575774955677, -0.0001109136078746547, 0.0004473332135146461, -0.00038528376585009985, 5.339235582973915e-05, 0.00010472662826002252], [0.0006123951846602273, 0.0023841215955931316, -0.0004731763635397321, 0.016314025943983738, 0.005940521069271579, 0.001098458080144641, -0.0022777642662549172, -0.0009513537814009828, -0.0013036793637119615, -0.0009903259933302152], [0.001803558849172607, 0.0030140575761991987, -0.0011905575774955677, 0.005940521069271579, 0.014390465044042186, 0.001237063184222889, -0.003615421221861953, 0.00027245203305279505, -0.00015320138153903338, 0.0016132545206837628], [-5.675033518547717e-05, 0.0003206455493582374, -0.0001109136078746547, 0.001098458080144641, 0.001237063184222889, 0.0011578179952342659, 0.0005632837575520849, -0.0006707486040455988, 0.00035890848860559144, 7.538436208861069e-05], [-0.0005527634132346098, -0.001302232153295487, 0.0004473332135146461, -0.0022777642662549172, -0.003615421221861953, 0.0005632837575520849, 0.002365360301344866, -0.00019172428137036648, 0.00018513328578264367, -0.0001977985341443755], [0.0002716276095761393, 0.00017387925085299375, -0.00038528376585009985, -0.0009513537814009828, 0.00027245203305279505, -0.0006707486040455988, -0.00019172428137036648, 0.0030606067559309936, -0.0001389676707619691, -2.6386965147937358e-05], [0.0002768121693251831, -0.0003428914747126916, 5.339235582973915e-05, -0.0013036793637119615, -0.00015320138153903338, 0.00035890848860559144, 0.00018513328578264367, -0.0001389676707619691, 0.001531054855547865, -0.00012353921228200896], [-3.8878541174995634e-05, 7.64936806797969e-05, 0.00010472662826002252, -0.0009903259933302152, 0.0016132545206837628, 7.538436208861069e-05, -0.0001977985341443755, -2.6386965147937358e-05, -0.00012353921228200896, 0.0010223775733974197]], [[0.28420961504233444, -0.09428092405310665, -0.05936922034967872, 0.030080902580519334, 0.034773038467724136, -0.00019966006518921933, -0.007952947504778875, -0.001870278557142203, -0.005690394669525689, -0.0015949669653572286], [-0.09428092405310665, 0.032251841497226236, 0.01901681477953101, -0.010159146164070529, -0.013551836528777467, 2.8217332465130812e-05, 0.001969000091012716, -1.955495070663933e-05, 0.0018180044583695, 0.00018633281983695737], [-0.05936922034967872, 0.01901681477953101, 0.013295730622916427, -0.006238008585623386, -0.005940521767043855, 0.00027863679220666726, 0.00191589597172572, 0.0009400244572175603, 0.0010712670089937045, 0.0005183157209320096], [0.030080902580519334, -0.010159146164070529, -0.006238008585623386, 0.005051231210392648, 0.005355876847556792, -0.00030036427093870524, -0.0009822018316683824, -0.0005826172476367182, -0.0004132971794866918, -0.0001819807958601313], [0.034773038467724136, -0.013551836528777467, -0.005940521767043855, 0.005355876847556792, 0.010571419594019218, 0.0005692547529038672, 0.0008693234719320136, 0.0008522132171079797, -0.00022426121523675457, 0.00031286985730597476], [-0.00019966006518921933, 2.8217332465130812e-05, 0.00027863679220666726, -0.00030036427093870524, 0.0005692547529038672, 0.002138656420327303, 0.0017020948976339942, 0.00010697171485920782, -0.00012961787295403087, -0.0005027425375006532], [-0.007952947504778875, 0.001969000091012716, 0.00191589597172572, -0.0009822018316683824, 0.0008693234719320136, 0.0017020948976339942, 0.002575952692924448, 0.0006312604296691285, -0.00011787241968541682, -1.993740441407837e-05], [-0.001870278557142203, -1.955495070663933e-05, 0.0009400244572175603, -0.0005826172476367182, 0.0008522132171079797, 0.00010697171485920782, 0.0006312604296691285, 0.0033271153400613366, 0.0001822418739389406, 0.00015394367739679062], [-0.005690394669525689, 0.0018180044583695, 0.0010712670089937045, -0.0004132971794866918, -0.00022426121523675457, -0.00012961787295403087, -0.00011787241968541682, 0.0001822418739389406, 0.002662569123861809, -0.00010229673368901584], [-0.0015949669653572286, 0.00018633281983695737, 0.0005183157209320096, -0.0001819807958601313, 0.00031286985730597476, -0.0005027425375006532, -1.993740441407837e-05, 0.00015394367739679062, -0.00010229673368901584, 0.0011285646282984325]], [[0.04809587598341738, -0.005131503110413287, -0.0005042364825075217, 0.0004972920119489228, 0.000375684229280098, -0.0067660486271888505, -0.0029402802253893157, -0.0002705375441382796, -0.0003028776596060081, -0.001163338719356221], [-0.005131503110413287, 0.0015068681631862956, -0.0006811936614988505, -0.00013992091022411353, -0.0017582574827139069, 0.001161570446394584, 0.00010197916810380687, 7.387814005045053e-05, 0.0003801938497084168, 0.0005149682769067433], [-0.0005042364825075217, -0.0006811936614988505, 0.0008053725544163011, 0.00029930412936275973, 0.0015597684966423364, -0.00023150804909163249, 6.125958918018056e-05, 3.399974740642624e-05, -8.38298164412561e-05, -0.0002764444791551796], [0.0004972920119489228, -0.00013992091022411353, 0.00029930412936275973, 0.0011006296613386738, 0.0007508619578337717, 0.00027052337659574016, -0.00022584007988779467, -0.0005568472858631133, 0.0008054672381829428, 0.00031320253293825527], [0.000375684229280098, -0.0017582574827139069, 0.0015597684966423364, 0.0007508619578337717, 0.004007463945463755, -0.0006077750411734648, 0.0003030510068464111, -0.0006590296928639312, -0.00037382616310051417, -0.0006699800582608978], [-0.0067660486271888505, 0.001161570446394584, -0.00023150804909163249, 0.00027052337659574016, -0.0006077750411734648, 0.0030980089973872077, 0.0017060349002301042, -0.0004096807474955607, 0.0003993781653001732, -8.975713778564103e-05], [-0.0029402802253893157, 0.00010197916810380687, 6.125958918018056e-05, -0.00022584007988779467, 0.0003030510068464111, 0.0017060349002301042, 0.0016224459363811021, -8.853410337990219e-05, -0.0004607972459942455, -0.00046480421028766427], [-0.0002705375441382796, 7.387814005045053e-05, 3.399974740642624e-05, -0.0005568472858631133, -0.0006590296928639312, -0.0004096807474955607, -8.853410337990219e-05, 0.0016904825815230234, -0.000453724533959002, -0.00028628062783762843], [-0.0003028776596060081, 0.0003801938497084168, -8.38298164412561e-05, 0.0008054672381829428, -0.00037382616310051417, 0.0003993781653001732, -0.0004607972459942455, -0.000453724533959002, 0.0014561222897566033, 0.0004622225609746295], [-0.001163338719356221, 0.0005149682769067433, -0.0002764444791551796, 0.00031320253293825527, -0.0006699800582608978, -8.975713778564103e-05, -0.00046480421028766427, -0.00028628062783762843, 0.0004622225609746295, 0.001205815777468699]], [[1.0828499486879235, 0.05720326835080206, 0.045705909117473326, 0.020400243638328448, 0.024778496444992842, -0.09056913051371478, 0.06491915900371308, -0.012619941979889956, 0.0022248202207264447, -0.019854943804784995], [0.05720326835080206, 0.004164452903763051, 0.0023458098974335484, 0.0013617765026434415, 0.0017814000459630088, -0.004412768879368885, 0.0033551450857796424, -0.0006236329686051861, -5.9600126877925394e-05, -0.0009284693640076651], [0.045705909117473326, 0.0023458098974335484, 0.0064680672817027055, -0.0018345675995252739, 0.0004173190457342588, -0.0023908519268798114, 0.002133137330813084, -7.570313514796848e-05, 0.0002294656357560414, -0.00042005015640280075], [0.020400243638328448, 0.0013617765026434415, -0.0018345675995252739, 0.0031541461561799657, 0.0017168773415907005, -0.0030328406912646165, 0.001632184843623152, -0.0003039295323911344, 0.00046041153311141974, -0.001170758180996231], [0.024778496444992842, 0.0017814000459630088, 0.0004173190457342588, 0.0017168773415907005, 0.002329117977978468, -0.0021014883960989304, 0.0017637164210296543, 0.00022610674478798582, 0.0008725685588420059, -0.0007244077742392329], [-0.09056913051371478, -0.004412768879368885, -0.0023908519268798114, -0.0030328406912646165, -0.0021014883960989304, 0.009493542113785261, -0.005071041928375648, 0.001000521143724245, -2.4001436797868264e-05, 0.001965022348757599], [0.06491915900371308, 0.0033551450857796424, 0.002133137330813084, 0.001632184843623152, 0.0017637164210296543, -0.005071041928375648, 0.004465143681972188, -0.0008101920050312515, 0.0004012879313388132, -0.001439761422030383], [-0.012619941979889956, -0.0006236329686051861, -7.570313514796848e-05, -0.0003039295323911344, 0.00022610674478798582, 0.001000521143724245, -0.0008101920050312515, 0.0008689048697659876, 0.00023833607257274934, 0.00033139404252988277], [0.0022248202207264447, -5.9600126877925394e-05, 0.0002294656357560414, 0.00046041153311141974, 0.0008725685588420059, -2.4001436797868264e-05, 0.0004012879313388132, 0.00023833607257274934, 0.0010921193461760049, -0.0004043248626006147], [-0.019854943804784995, -0.0009284693640076651, -0.00042005015640280075, -0.001170758180996231, -0.0007244077742392329, 0.001965022348757599, -0.001439761422030383, 0.00033139404252988277, -0.0004043248626006147, 0.0011127347559812275]], [[54.60989539683418, -3.2309489593322303, -10.944533124686123, 2.2427259093600593, -6.15796488500062, -3.1145375461902423, -0.29026689444144077, 0.11129197516418167, 2.032370124630375, 2.443678015648347], [-3.2309489593322303, 0.19153395096326295, 0.6470754784500969, -0.13280475377244805, 0.3643280236001054, 0.18388732030873353, 0.0169915555656782, -0.005978088968344652, -0.12016084310446878, -0.144633728039511], [-10.944533124686123, 0.6470754784500969, 2.19412882126573, -0.4492986314402782, 1.2341880461204302, 0.624535128291504, 0.0582430623051616, -0.02315959833383452, -0.40731465811808015, -0.48981757366716216], [2.2427259093600593, -0.13280475377244805, -0.4492986314402782, 0.09269591605394106, -0.2522456131725735, -0.12755421307796938, -0.011721856474586756, 0.00398011452917141, 0.08336356143230993, 0.09991157446406723], [-6.15796488500062, 0.3643280236001054, 1.2341880461204302, -0.2522456131725735, 0.6959659063012313, 0.3519429929758719, 0.03359244437155117, -0.012178039689943477, -0.2294991717902817, -0.2763117026308509], [-3.1145375461902423, 0.18388732030873353, 0.624535128291504, -0.12755421307796938, 0.3519429929758719, 0.17942948932782385, 0.018003397742918648, -0.007231454197946716, -0.11643560349976445, -0.1391479127035093], [-0.29026689444144077, 0.0169915555656782, 0.0582430623051616, -0.011721856474586756, 0.03359244437155117, 0.018003397742918648, 0.0029250074959241736, -0.0005560127292238456, -0.011249253255243322, -0.012864977660822716], [0.11129197516418167, -0.005978088968344652, -0.02315959833383452, 0.00398011452917141, -0.012178039689943477, -0.007231454197946716, -0.0005560127292238456, 0.003953968218453553, 0.00450742652254329, 0.004887758489140396], [2.032370124630375, -0.12016084310446878, -0.40731465811808015, 0.08336356143230993, -0.2294991717902817, -0.11643560349976445, -0.011249253255243322, 0.00450742652254329, 0.07605498260734005, 0.09093030212773007], [2.443678015648347, -0.144633728039511, -0.48981757366716216, 0.09991157446406723, -0.2763117026308509, -0.1391479127035093, -0.012864977660822716, 0.004887758489140396, 0.09093030212773007, 0.11004493268754345]]]}