{"weights": [0.105890422747207, 0.06634158782819224, 0.3279765928133503, 0.266455436161399, 0.15555464762950777, 0.07778131282034374], "means": [[6.8498881433660195, -0.5946721486145053, 0.3367650328970566, -0.0709964551496783, 0.005194398346988907, -0.004250082345793665, 0.015820356414919693, 0.0033842700661361686], [6.8740892536157405, -0.7212993956304578, 0.2246504670769719, 0.003242255453072374, -0.00482563263036869, 0.017920872065985975, -0.03382530432891102, 0.0057492801007937725], [-3.8872689051000893, -0.42757155127031843, 0.08458883409364189, -0.027318793423683544, 0.019407787396113204, -0.00036459584596533733, 0.01747934265015589, 0.004658541934148495], [-0.6928251581511937, 0.3117906298606306, -0.4098089986448256, -0.05713656765839612, -0.007153021366338236, -0.0028643717803421144, -0.012469119093247764, 0.009117925300731574], [2.837474531949445, 0.51408430324816, -0.4411287380880689, 0.12948200479958982, -0.019485494376825545, 0.005900209684607548, 0.026055777005825786, -0.022847974906540846], [5.177836196017006, 1.6569414666078228, -0.2550998513976317, 0.1708570724392431, 0.6437687833706188, -0.49567729625663215, -0.08133096390918941, 0.5081311540560004]], "cov": [[[0.0002302481629170125, 0.00042584463986637466, 0.00046993469973249, -0.00018880522154426566, -4.501955669912573e-05, -0.00016650452510486155, 0.00016931838157443257, -3.431385077612461e-05], [0.00042584463986637466, 0.0034090952810623075, 0.0027784946730132144, -0.0012568724234723317, -0.0004492851619635319, -0.0003676771776494634, 0.0018962970703320348, -0.0002627044232920142], [0.00046993469973249, 0.0027784946730132144, 0.0026928920239251905, -0.0012639127827825706, -0.00023147984604683194, -0.00011494354179204744, 0.0014882548270017388, -0.00026834456977197613], [-0.00018880522154426566, -0.0012568724234723317, -0.0012639127827825706, 0.0006404435347157596, 6.702322808988485e-05, 3.345558075061797e-05, -0.0006584738021562402, 8.829945235186367e-05], [-4.501955669912573e-05, -0.0004492851619635319, -0.00023147984604683194, 6.702322808988485e-05, 0.00013984843316912829, 8.319916784736764e-05, -0.00029862019013193107, 4.884211005765769e-05], [-0.00016650452510486155, -0.0003676771776494634, -0.00011494354179204744, 3.345558075061797e-05, 8.319916784736764e-05, 0.0005061494749830399, -5.483227049631891e-05, -0.00013560442733415157], [0.00016931838157443257, 0.0018962970703320348, 0.0014882548270017388, -0.0006584738021562402, -0.00029862019013193107, -5.483227049631891e-05, 0.0011596808626882405, -0.00021364444351849876], [-3.431385077612461e-05, -0.0002627044232920142, -0.00026834456977197613, 8.829945235186367e-05, 4.884211005765769e-05, -0.00013560442733415157, -0.00021364444351849876, 0.00016319892106890407]], [[0.02289265724084978, 5.2077798164362094e-05, 0.0016232137779124641, -0.000605463052718271, -0.00013821668646582625, -0.00021772222569522108, -2.5404431529493453e-05, -0.00011466516037394478], [5.2077798164362094e-05, 0.0012959474020323289, 0.00010426730660501409, -0.00036146486145108997, 0.0003396982112629806, -0.0007318990115087843, 0.0005893240348621274, -9.347119598385332e-06], [0.0016232137779124641, 0.00010426730660501409, 0.0016283862003227245, -0.0004611407642983861, -6.30388089516403e-05, 2.3160670569432754e-05, -0.000279766502520737, -0.0003234270510636328], [-0.000605463052718271, -0.00036146486145108997, -0.0004611407642983861, 0.00023397956650506488, -8.625043549422309e-05, 0.00018175952229944467, -6.171499659887043e-05, 0.0001118073779851846], [-0.00013821668646582625, 0.0003396982112629806, -6.30388089516403e-05, -8.625043549422309e-05, 0.00013790625061109877, -0.00019610192358087618, 0.0001286537439756853, -5.0205924290456866e-05], [-0.00021772222569522108, -0.0007318990115087843, 2.3160670569432754e-05, 0.00018175952229944467, -0.00019610192358087618, 0.00044112663430645346, -0.0003347888431069505, 1.2763950732599025e-05], [-2.5404431529493453e-05, 0.0005893240348621274, -0.000279766502520737, -6.171499659887043e-05, 0.0001286537439756853, -0.0003347888431069505, 0.0004021967709721498, 0.00016034676457837155], [-0.00011466516037394478, -9.347119598385332e-06, -0.0003234270510636328, 0.0001118073779851846, -5.0205924290456866e-05, 1.2763950732599025e-05, 0.00016034676457837155, 0.0002180648583667594]], [[0.0557265860399185, 0.021664056712509948, -0.018723035005414855, -0.041126540513069645, -0.007624127402356412, -0.0007382007363865198, 7.099800566045808e-05, -1.6536303380121855e-05], [0.021664056712509948, 0.010325148182935317, -0.006325904117832799, -0.01730401343034382, -0.0025480275824697656, -0.0005993340814466587, 0.0011632169107919964, 0.0002446399226866464], [-0.018723035005414855, -0.006325904117832799, 0.00785572427658753, 0.016861840294929178, 0.0014649998037523316, 0.00024250198358080643, 0.00034190773054121033, 0.0004826421269046163], [-0.041126540513069645, -0.01730401343034382, 0.016861840294929178, 0.05441840567359902, -0.0012487429167578209, 0.0010905986349043887, -0.002033360577947895, 0.0011191216356451876], [-0.007624127402356412, -0.0025480275824697656, 0.0014649998037523316, -0.0012487429167578209, 0.012796356868046872, -0.00048215505349728837, 0.0010578825438282641, -0.001155456884482981], [-0.0007382007363865198, -0.0005993340814466587, 0.00024250198358080643, 0.0010905986349043887, -0.00048215505349728837, 0.0018483151577055091, 0.0011217526905490066, -0.00024900726100249613], [7.099800566045808e-05, 0.0011632169107919964, 0.00034190773054121033, -0.002033360577947895, 0.0010578825438282641, 0.0011217526905490066, 0.00224091438490044, 0.0003007330724835597], [-1.6536303380121855e-05, 0.0002446399226866464, 0.0004826421269046163, 0.0011191216356451876, -0.001155456884482981, -0.00024900726100249613, 0.0003007330724835597, 0.0031838957515589166]], [[3.078625927024176, 0.5300531743009147, -0.332404823868614, 0.04434120437387147, 0.15452115530886423, 0.005680942080859258, 0.007263403641532953, 0.01838659426250308], [0.5300531743009147, 0.09247448280376641, -0.05735477236370843, 0.007905364050931424, 0.02528998732082031, 0.0011692702316417124, 0.001604395720240976, 0.002606299406819989], [-0.332404823868614, -0.05735477236370843, 0.037390046384701815, -0.005101373944345186, -0.017398951339804382, -0.0007912229897769434, -0.0008536898693654574, -0.0013105299742325585], [0.04434120437387147, 0.007905364050931424, -0.005101373944345186, 0.001785994287505412, 0.0014439429034161153, 5.889836561665903e-05, -3.5125926419543e-05, -0.0006428710731920456], [0.15452115530886423, 0.02528998732082031, -0.017398951339804382, 0.0014439429034161153, 0.011213761429021002, 2.861365353111909e-05, -0.0006906394457238961, 0.0019164811358291685], [0.005680942080859258, 0.0011692702316417124, -0.0007912229897769434, 5.889836561665903e-05, 2.861365353111909e-05, 0.00241041234746489, 0.0017759514843162436, -7.053184349271835e-05], [0.007263403641532953, 0.001604395720240976, -0.0008536898693654574, -3.5125926419543e-05, -0.0006906394457238961, 0.0017759514843162436, 0.002319680414312346, 0.000276069804219285], [0.01838659426250308, 0.002606299406819989, -0.0013105299742325585, -0.0006428710731920456, 0.0019164811358291685, -7.053184349271835e-05, 0.000276069804219285, 0.0028449719061114107]], [[1.084048799174571, -0.05751799154854701, 0.04679820635779806, 0.01972144518375644, -0.024491683983846137, -0.09072683431831383, 0.06443819251327422, -0.012049884350271723], [-0.05751799154854701, 0.004294670292887853, -0.0027000339278700244, -0.001150066201760933, 0.0017011009479015924, 0.004487613585307371, -0.0032179859544621907, 0.00044310726584848996], [0.04679820635779806, -0.0027000339278700244, 0.007460871402181988, -0.002422668567729155, -0.00018976715183855998, -0.0026077714969222512, 0.0017517981520460799, 0.00043377791020317373], [0.01972144518375644, -0.001150066201760933, -0.002422668567729155, 0.0035002788497401163, -0.0018504042258655983, -0.002899380331088576, 0.0018547263645672615, -0.0006058945881884306], [-0.024491683983846137, 0.0017011009479015924, -0.00018976715183855998, -0.0018504042258655983, 0.0023813130403774656, 0.0020494174533577042, -0.0018498272598353965, -0.00010878189641925637], [-0.09072683431831383, 0.004487613585307371, -0.0026077714969222512, -0.002899380331088576, 0.0020494174533577042, 0.009530968009333556, -0.004981019017016434, 0.0008896897682628887], [0.06443819251327422, -0.0032179859544621907, 0.0017517981520460799, 0.0018547263645672615, -0.0018498272598353965, -0.004981019017016434, 0.004607267073959662, -0.0010063325644024499], [-0.012049884350271723, 0.00044310726584848996, 0.00043377791020317373, -0.0006058945881884306, -0.00010878189641925637, 0.0008896897682628887, -0.0010063325644024499, 0.0011306466128904662]], [[35.173287005406536, 1.2893478215291134, -7.8700531467123795, 1.097475785608734, 3.8106105504812935, -2.9458573834341837, -0.42815719123515983, 3.0016259987233465], [1.2893478215291134, 0.04784708131618685, -0.28781863291968324, 0.040485941904952624, 0.13963688883400452, -0.10731710593823778, -0.01540844919591395, 0.1086684295303915], [-7.8700531467123795, -0.28781863291968324, 1.7618792482287824, -0.24523793215705159, -0.8527244897062324, 0.6597917817478658, 0.09598253544625987, -0.6732995502450558], [1.097475785608734, 0.040485941904952624, -0.24523793215705159, 0.034918020505809666, 0.1182376725396823, -0.09137734892346738, -0.01309938858459357, 0.09255062240768053], [3.8106105504812935, 0.13963688883400452, -0.8527244897062324, 0.1182376725396823, 0.4143853602788162, -0.3199340052618489, -0.04725273374836682, 0.3249903452654919], [-2.9458573834341837, -0.10731710593823778, 0.6597917817478658, -0.09137734892346738, -0.3199340052618489, 0.24891594875305367, 0.037445567398436366, -0.2533358035632214], [-0.42815719123515983, -0.01540844919591395, 0.09598253544625987, -0.01309938858459357, -0.04725273374836682, 0.037445567398436366, 0.006638749596677998, -0.03688830153357179], [3.0016259987233465, 0.1086684295303915, -0.6732995502450558, 0.09255062240768053, 0.3249903452654919, -0.2533358035632214, -0.03688830153357179, 0.2626563976444054]]]}