{"weights": [0.17114093953371257, 0.16778523515948157, 0.2800254881570433, 0.14614900799870742, 0.15436241624714162, 0.08053691290391325], "means": [[3.8066613180426287, 0.43126753152108677, -0.4018588332107216, 0.14705822293526827, -0.03637170376637711, 0.01670442728752846, 0.10343191941486211, 0.004806243214058545], [-0.6793835859261923, 1.4823529543181428, 1.0136438119685869, -0.008777606750446134, 0.005115883475135196, -8.455980690793306e-05, -0.0048881178582452015, -0.0028125605480215994], [-3.915683557101704, -0.44507006439765373, 0.1058476382689091, 0.027628349820682095, 0.02680716740755157, -0.001101788481766429, 0.009889807311229896, 0.004252704645649864], [1.1014131279877768, 0.5398620892780194, -0.5439621236957165, 0.004007578172703691, 0.048997200865761745, -0.011520271947932172, -0.044567904678721036, 0.006447144736521176], [-2.6990206146357547, -0.03223521290001285, -0.2012141145119134, -0.10016572107395, -0.09913959993804743, 0.008564851976189808, -0.007919234981635735, -0.019804677248730675], [6.872430079859866, -0.6484881993728652, 0.30857242624091485, -0.04295248170822613, -0.0006052053803002092, -6.655608749047117e-05, -0.012569209448499982, -0.0027446375327185753]], "cov": [[[0.18723405298043136, -0.025000562522620725, 0.030000237430707635, -0.005047563560035423, -0.007547247864034073, -0.0005553039708887404, 0.006550813666690991, 0.003986977123311451], [-0.02500056252262072, 0.004267256836017878, -0.002685053465498913, -0.00037961442040885087, 0.0012063180682622605, -5.528577651320089e-05, -0.0009934607338521698, -0.000635440211671215], [0.030000237430707632, -0.002685053465498913, 0.007585140077512181, -0.003054943792503714, -0.0008291416793533492, -0.00015503659604621596, 0.0002081766188753303, 0.0009009968047305109], [-0.005047563560035422, -0.00037961442040885087, -0.003054943792503714, 0.002661483021925586, -0.0007604495413293567, 0.00018886837912396502, 0.0006332555398815779, -0.00022219631099039131], [-0.007547247864034073, 0.0012063180682622605, -0.0008291416793533493, -0.0007604495413293567, 0.0018760311682589855, 0.00011911670227748775, -0.00043777479716819434, -0.0004201115851604204], [-0.0005553039708887403, -5.528577651320087e-05, -0.000155036596046216, 0.00018886837912396505, 0.00011911670227748773, 0.0015430728813386886, -0.00010474065531522998, 5.5623396453962445e-05], [0.006550813666690991, -0.0009934607338521698, 0.0002081766188753304, 0.0006332555398815779, -0.00043777479716819434, -0.00010474065531523001, 0.0008024259155388474, -0.00015960301540248877], [0.003986977123311451, -0.0006354402116712149, 0.0009009968047305109, -0.00022219631099039131, -0.0004201115851604204, 5.5623396453962425e-05, -0.00015960301540248877, 0.0008827240167471863]], [[0.2812182331984301, 0.019283260516316052, -0.05695691768398446, 0.008114457868047103, 0.04180197964504893, 0.004194186758687179, 0.012828619780750455, -0.012027619919611824], [0.019283260516316052, 0.002118567432431561, -0.0031908816470699627, 0.00040628699909126464, 0.003048819837000076, 0.0002341513097368142, 0.0011180035394425156, -0.0012076679876775116], [-0.05695691768398446, -0.0031908816470699627, 0.012546254890299232, -0.0016257091913949244, -0.008445604429433443, -0.0005403380757705314, -0.0025799156578816718, 0.0022484734391813722], [0.008114457868047105, 0.00040628699909126464, -0.0016257091913949246, 0.000798312582218412, 0.0004131539723373873, -0.00010891759702008482, 0.000297248876748908, -0.00014390659903411044], [0.04180197964504893, 0.003048819837000076, -0.008445604429433443, 0.00041315397233738707, 0.008498115703374425, 0.001898951564886527, 0.0018554072725536414, -0.0033016268871866156], [0.004194186758687179, 0.0002341513097368142, -0.0005403380757705315, -0.00010891759702008475, 0.001898951564886527, 0.005559648731351504, -0.0006971779733727856, 0.00036279573062841905], [0.012828619780750455, 0.0011180035394425156, -0.0025799156578816718, 0.000297248876748908, 0.0018554072725536417, -0.0006971779733727856, 0.000880590954761624, -0.0009052403185028317], [-0.012027619919611824, -0.0012076679876775118, 0.0022484734391813727, -0.00014390659903411047, -0.003301626887186616, 0.00036279573062841905, -0.0009052403185028316, 0.003264584754103856]], [[0.04862504800063499, 0.02072527776535197, -0.017487401904175224, -0.04377786358314985, -0.01005695062187884, 0.0015315857673493603, 0.001084476832185154, -0.00019927330231212043], [0.02072527776535197, 0.01132971500272355, -0.005916928989593972, -0.020504558617095107, -0.0030993914865094004, 0.0004917870306808964, 0.0017810277122953767, 0.00035665208679229986], [-0.01748740190417522, -0.005916928989593971, 0.008156351092567765, 0.018102405562997893, 0.002340532804917296, -0.00035834576139508927, -0.00018527815821333982, 0.00026071630380974383], [-0.04377786358314985, -0.02050455861709511, 0.018102405562997897, 0.06407130544908882, -0.0024197366576587036, -0.00011995013143188385, -0.0039043635848571992, 0.0004416181397990125], [-0.01005695062187884, -0.0030993914865094004, 0.002340532804917296, -0.0024197366576587036, 0.01632853974957892, -0.0006833965168954212, 0.002004613342618754, -0.0007177267728409632], [0.0015315857673493603, 0.0004917870306808962, -0.0003583457613950894, -0.00011995013143188393, -0.0006833965168954211, 0.004786978022986726, -0.000647950958855636, -3.5401362517595494e-05], [0.001084476832185154, 0.0017810277122953767, -0.00018527815821333985, -0.0039043635848571992, 0.0020046133426187534, -0.0006479509588556358, 0.0013088908527200717, -0.00015355971397144525], [-0.00019927330231212038, 0.0003566520867922998, 0.00026071630380974356, 0.0004416181397990125, -0.0007177267728409631, -3.540136251759523e-05, -0.00015355971397144536, 0.004060619187328267]], [[0.5251757681872044, 0.00026048698405799523, 0.03897187435797172, 0.0438893918621966, -0.006556272729184071, -0.006259819614600668, -0.026408855516610718, -0.013931374520968334], [0.0002604869840579953, 0.0014222421943870028, 0.0005184736559255912, 0.00044380880960187563, -0.001884324510410777, 8.340162049205797e-05, 0.0007479590323808323, 0.0001322900375118515], [0.03897187435797171, 0.0005184736559255912, 0.005151214877434846, 0.003607181831794101, -0.0018617073084915587, -0.0012545395574403884, -0.0031480871045414054, -0.0009171244973100152], [0.04388939186219659, 0.00044380880960187563, 0.003607181831794101, 0.006707174108094502, -0.0027042014155277583, -0.0015000793090989954, -0.0020956682313502837, -0.002057257549884596], [-0.006556272729184071, -0.001884324510410777, -0.0018617073084915587, -0.0027042014155277583, 0.004457470474013245, 0.0010153236368290782, -0.0003113274102176729, 0.00027015261382382023], [-0.006259819614600668, 8.340162049205805e-05, -0.0012545395574403884, -0.0015000793090989954, 0.0010153236368290782, 0.0035599598232055243, 0.0006259828905253276, 0.00016693938380161048], [-0.026408855516610714, 0.0007479590323808323, -0.0031480871045414054, -0.0020956682313502837, -0.0003113274102176729, 0.0006259828905253276, 0.0030370386624676057, 0.0005725620430830785], [-0.013931374520968333, 0.00013229003751185145, -0.0009171244973100153, -0.0020572575498845956, 0.0002701526138238201, 0.00016693938380161046, 0.0005725620430830785, 0.0022218111774871263]], [[0.04613511352694562, 0.013942330050228685, -0.009333020869049526, 0.005094539402216365, -0.002556222281047053, 0.004450481681906703, -0.00027321926587140714, -0.00037443308496356653], [0.013942330050228685, 0.004618492709998109, -0.0025767203363071408, 0.0011916172153582526, -0.000984354191752036, 0.0011405079801836532, 0.00017955610254020475, -0.0002313026588713779], [-0.009333020869049526, -0.0025767203363071408, 0.00259589676807521, -0.001317844352620663, 0.0005623947975960045, -0.0010184466781324815, -0.00024004438887192137, -0.0001173234218911302], [0.005094539402216365, 0.0011916172153582526, -0.001317844352620663, 0.0018770663088812328, -0.000923351688921573, 0.0006625801475121296, -8.738606681247888e-05, -0.0003813644216384689], [-0.0025562222810470527, -0.0009843541917520357, 0.0005623947975960043, -0.0009233516889215729, 0.0015672448364776762, 0.00030640075028446023, -0.00036942309447941617, 0.00018111269115562515], [0.004450481681906703, 0.0011405079801836532, -0.0010184466781324815, 0.0006625801475121295, 0.00030640075028446023, 0.002575721599419579, -0.0004319902420308552, -0.00015826610142297257], [-0.00027321926587140714, 0.0001795561025402048, -0.00024004438887192137, -8.738606681247888e-05, -0.00036942309447941617, -0.0004319902420308553, 0.0006483410554698632, -0.00026819927183070025], [-0.00037443308496356653, -0.0002313026588713779, -0.00011732342189113017, -0.00038136442163846885, 0.00018111269115562515, -0.0001582661014229726, -0.00026819927183070025, 0.0021068580887990793]], [[0.0005751158676920654, 0.0003005511445762921, 0.0009100653446127846, -0.00025181905141525267, -0.00011263935101031525, -0.00013327022923623197, 6.98716526538619e-05, -0.000235938448246974], [0.0003005511445762921, 0.007118205625063613, 0.004964190492891567, -0.0032120344412299444, 0.0002274409262181419, -0.0003133747389456381, 0.0031822166950218303, 0.0007802576840417827], [0.0009100653446127846, 0.004964190492891567, 0.0046589968180112094, -0.0025606166390083653, 0.00013424050481131885, -0.00046524712701828533, 0.0019340209023283744, 0.000241686660726419], [-0.00025181905141525267, -0.003212034441229944, -0.002560616639008365, 0.0017128143977465, -0.0003252723720314813, -2.7514819902709183e-05, -0.0012709922480923692, -0.0004565159147624358], [-0.00011263935101031527, 0.0002274409262181419, 0.00013424050481131887, -0.0003252723720314813, 0.00036713369006409154, 0.0003581308164657222, -3.401746131963429e-05, 0.0002730876920316537], [-0.000133270229236232, -0.000313374738945638, -0.00046524712701828533, -2.7514819902709183e-05, 0.0003581308164657222, 0.000740842740231443, -0.00017679347844168212, 0.0003320405831062383], [6.987165265386191e-05, 0.0031822166950218303, 0.0019340209023283748, -0.0012709922480923694, -3.401746131963429e-05, -0.0001767934784416821, 0.0015879994990140702, 0.00029102309318439413], [-0.00023593844824697395, 0.0007802576840417825, 0.000241686660726419, -0.00045651591476243583, 0.0002730876920316537, 0.0003320405831062383, 0.0002910230931843941, 0.0005179429574001348]]]}