{"weights": [0.46562934282038426, 0.4068081895221407, 0.1275624676574751], "means": [[-2.109865649284179, -0.5226711265756432, 0.03665918537426168, -0.02116622018227458, 0.0077362434549115705, -9.228909570470663e-05, -0.007195497136459116, -0.005809897759481182], [4.0117618779095015, -2.714219912670062, -0.04618971131370412, 0.06808052673114903, -0.022451322343829728, -0.004302960059767436, -0.00999729189331545, -0.0076776565218921915], [1.8181657549521772, 3.609111987399423, -0.0516222972782932, -0.005470952813292597, -7.214438223157437e-05, 0.003894518309575373, 0.026371675727088702, 0.02095738038277719]], "cov": [[[0.02581181374464367, -0.010087987220728107, 0.005602813170432352, -0.05441187706131741, 0.01714036541683672, -0.015180726724084012, -0.009117839490837, 0.005410404021277786], [-0.010087987220728107, 0.029964173511740553, -0.013939550614625738, 0.041743437743649706, -0.03055723626791975, 0.0021514097421104325, -0.019242092847172796, -0.005682858377560778], [0.005602813170432352, -0.013939550614625738, 0.01781500141087949, -0.0716193947067307, 0.026670224372336827, -0.006704690001918554, 0.01686300909647367, -0.006014660866945617], [-0.05441187706131741, 0.041743437743649706, -0.0716193947067307, 0.3937217544136263, -0.11818975880654077, 0.06414972988120882, -0.022705071708395766, 0.024476434236596442], [0.01714036541683672, -0.03055723626791975, 0.026670224372336827, -0.11818975880654077, 0.058412327022847196, -0.007737117417857808, 0.010368995213634352, -0.01217292076255812], [-0.015180726724084012, 0.0021514097421104325, -0.006704690001918554, 0.06414972988120882, -0.007737117417857808, 0.030080470226962704, -0.003600996256262605, -0.013227420522883516], [-0.009117839490837, -0.019242092847172796, 0.01686300909647367, -0.022705071708395766, 0.010368995213634352, -0.003600996256262605, 0.051566199102742225, 0.008686874022416519], [0.005410404021277786, -0.005682858377560778, -0.006014660866945617, 0.024476434236596442, -0.01217292076255812, -0.013227420522883516, 0.008686874022416519, 0.02470519837260852]], [[11.723703182428704, -7.0488764213885124, -0.6184736069405037, -1.9438520991120236, 0.43456618150521886, -0.5328857187874144, -0.18618970488908224, -0.0601491642528511], [-7.0488764213885124, 11.89023561295207, 2.6303146699424986, 0.7036148516563451, -0.018838951628027296, 0.2550952548769332, 0.21783341969572964, -0.0006585428713309383], [-0.6184736069405037, 2.6303146699424986, 2.0674996957148535, 0.050552585293119186, -0.029440870578945077, 0.011816236300774772, -0.03107979547923063, 0.014807071661462232], [-1.9438520991120236, 0.7036148516563451, 0.050552585293119186, 0.9825811812144069, 0.15665366919615273, -0.07489930639721436, 0.04166185417436931, -0.033746212448386693], [0.43456618150521886, -0.018838951628027296, -0.029440870578945077, 0.15665366919615273, 0.5719004697138643, -0.011211194475627163, -0.05205651800461956, 0.01370439217318826], [-0.5328857187874144, 0.2550952548769332, 0.011816236300774772, -0.07489930639721436, -0.011211194475627163, 0.20616092522490456, -0.022637384733190057, 0.025077483296495468], [-0.18618970488908224, 0.21783341969572964, -0.03107979547923063, 0.04166185417436931, -0.05205651800461956, -0.022637384733190057, 0.10591243147744232, 0.007174896365275671], [-0.0601491642528511, -0.0006585428713309383, 0.014807071661462232, -0.033746212448386693, 0.01370439217318826, 0.025077483296495468, 0.007174896365275671, 0.12761365105053962]], [[0.0826324351456397, -0.04045360463131864, 0.22080309506954998, 0.029429281632543755, 0.08975853738530344, 0.006033157820750071, 0.01941469802809587, 0.028738212294811227], [-0.04045360463131864, 0.0866069151772377, 0.11629199638421724, -0.01612533812527256, -0.07647005191609114, -0.005839772152435712, -0.005643818948438696, -0.011271033780688569], [0.22080309506954998, 0.11629199638421724, 2.286641407796617, 0.0999573562198845, -0.000494869356301965, 0.019581940640846167, 0.09115990886148949, 0.014988460657233945], [0.029429281632543755, -0.01612533812527256, 0.0999573562198845, 0.06257953303311575, -0.015819731969302073, -0.01738061795163898, -0.05653026751263359, 0.02067700850281303], [0.08975853738530344, -0.07647005191609114, -0.000494869356301965, -0.015819731969302073, 0.23751249045903444, 0.07220858404606459, 0.13258482447602907, 0.0018082100736196323], [0.006033157820750071, -0.005839772152435712, 0.019581940640846167, -0.01738061795163898, 0.07220858404606459, 0.05177055918687416, 0.08824698950336504, -0.030206785597130976], [0.01941469802809587, -0.005643818948438696, 0.09115990886148949, -0.05653026751263359, 0.13258482447602907, 0.08824698950336504, 0.2023790158884052, -0.05243348969823588], [0.028738212294811227, -0.011271033780688569, 0.014988460657233945, 0.02067700850281303, 0.0018082100736196323, -0.030206785597130976, -0.05243348969823588, 0.0370980646126828]]]}