{"weights": [0.17222196938931167, 0.16667297204333514, 0.299986105241706, 0.1277868555146879, 0.15555078941601408, 0.07778130839494517], "means": [[6.851375218426459, -0.6536605522242686, 0.2908877496333058, -0.03684417468005079, -0.0018723471105321669, 0.008177229353018003, -0.008728387239025533, 0.0016068289190838635], [-3.901361790777644, -0.37132413547868637, 0.2524347888031559, 0.16163586343903583, 0.08213453243280909, -0.07477689291926905, -0.034906138382320435, 0.010892622976397337], [-3.2339583104181977, -0.20421604965470588, -0.0883439496926666, -0.1386396342678466, -0.04615117801078554, -0.007176751283440775, -0.002512239223108565, -0.008726734478621314], [0.6766531647040728, 0.5531130576296859, -0.5685939484927763, -0.0390585901610791, 0.06585406919406832, 0.008686985762944239, -0.0031121254728983406, 0.015100968657793323], [2.6652814626221972, 0.5130353833314525, -0.4174981242790906, 0.10550443350419528, -0.007396913749204579, 0.017330131883960435, 0.001346272348217012, -0.00364063535805456], [5.064446325903779, 1.790051638952838, -0.09006456431565718, 0.270811247834674, 0.5731257345361899, -0.28826212985362476, 0.0023252039220248927, -0.008399643532456945]], "cov": [[[0.005831892203812628, 0.0002982266212145916, 0.0009687496745291683, -0.00044831404610024336, -9.084190027107166e-05, -7.117035546140815e-05, 4.3846028233692e-05, -0.00010547190278911885], [0.0002982266212145916, 0.008260361317896914, 0.006192098070323186, -0.003826360154255651, 0.00030852799558137397, -0.0019619192173639804, 0.0037223590970627313, -0.00022087797793905506], [0.0009687496745291683, 0.006192098070323186, 0.005659901505072922, -0.003195305003483193, 0.0002050878001703819, -0.0012618647411863973, 0.0026549973342155204, -0.00031025793912099146], [-0.00044831404610024336, -0.003826360154255651, -0.003195305003483193, 0.001953335856755482, -0.00022732244428122278, 0.0008731494199459199, -0.001635853137280721, 0.00012052512248758379], [-9.084190027107166e-05, 0.00030852799558137397, 0.0002050878001703819, -0.00022732244428122278, 0.00017041388171178766, -0.00013602468738537597, 4.905997899987224e-05, 3.3153827050243166e-07], [-7.117035546140815e-05, -0.0019619192173639804, -0.0012618647411863973, 0.0008731494199459199, -0.00013602468738537597, 0.0008123894177551661, -0.0007483989927231344, -5.4570053865034585e-05], [4.3846028233692e-05, 0.0037223590970627313, 0.0026549973342155204, -0.001635853137280721, 4.905997899987224e-05, -0.0007483989927231344, 0.0018209803582212134, -9.790824983610462e-05], [-0.00010547190278911885, -0.00022087797793905506, -0.00031025793912099146, 0.00012052512248758379, 3.3153827050243166e-07, -5.4570053865034585e-05, -9.790824983610462e-05, 0.00017697568987186084]], [[0.05297213057396149, 0.032576199518290584, 0.01715743162638267, -0.012471160107745245, 0.006704531177545337, -0.0161537274763055, -0.009684840304556816, 0.0007174606610544032], [0.032576199518290584, 0.024575951676618663, 0.01275488994256964, -0.011463347963328993, 0.008906030165270607, -0.011480643304287348, -0.005032863001040794, 0.0001330330609917526], [0.01715743162638267, 0.01275488994256964, 0.006801100621132906, -0.005264592004257759, 0.004298819334967833, -0.005999458313303709, -0.0028957227548041488, -0.00022354612997479604], [-0.012471160107745245, -0.011463347963328993, -0.005264592004257759, 0.02006013216802561, -0.008379265787547455, 0.00570966374939624, 0.00033739596482207953, -0.0010795534419427283], [0.006704531177545337, 0.008906030165270607, 0.004298819334967833, -0.008379265787547455, 0.01596846739858706, -0.004230775381748612, 0.0019145430501137722, -0.0001909531169833692], [-0.0161537274763055, -0.011480643304287348, -0.005999458313303709, 0.00570966374939624, -0.004230775381748612, 0.006826896250148745, 0.003780997287167209, -0.0008268821663305655], [-0.009684840304556816, -0.005032863001040794, -0.0028957227548041488, 0.00033739596482207953, 0.0019145430501137722, 0.003780997287167209, 0.004190737219683267, -0.0002808926045031745], [0.0007174606610544032, 0.0001330330609917526, -0.00022354612997479604, -0.0010795534419427283, -0.0001909531169833692, -0.0008268821663305655, -0.0002808926045031745, 0.003064595250539445]], [[0.2833421824602011, 0.09395641832729894, -0.059215876574589606, 0.029984634310323232, -0.034558704929348046, -0.00020278080650823057, -0.007955613163691007, -0.0019514933344211554], [0.09395641832729894, 0.032130549652180186, -0.01895942072155181, 0.010123032105374186, -0.013471854190232047, -2.934696007574416e-05, -0.0019699479521676877, -1.066032182082877e-05], [-0.059215876574589606, -0.01895942072155181, 0.013268716615192955, -0.006221243045962749, 0.005902519549776078, 0.00027925390905495493, 0.0019164476304299397, 0.0009545974466326793], [0.029984634310323232, 0.010123032105374186, -0.006221243045962749, 0.005041008037794941, -0.005331723146355193, -0.00030087086857070913, -0.0009826869849951841, -0.00059218375918292], [-0.034558704929348046, -0.013471854190232047, 0.005902519549776078, -0.005331723146355193, 0.010518875993474971, -0.0005685952787531001, -0.0008688077511760276, -0.0008325847285892804], [-0.00020278080650823057, -2.934696007574416e-05, 0.00027925390905495493, -0.00030087086857070913, -0.0005685952787531001, 0.002138692910438841, 0.0017021433970998024, 0.00010684452255587159], [-0.007955613163691007, -0.0019699479521676877, 0.0019164476304299397, -0.0009826869849951841, -0.0008688077511760276, 0.0017021433970998024, 0.0025760152744817616, 0.0006312144743905652], [-0.0019514933344211554, -1.066032182082877e-05, 0.0009545974466326793, -0.00059218375918292, -0.0008325847285892804, 0.00010684452255587159, 0.0006312144743905652, 0.0033201036335451357]], [[0.04829437266762117, 0.005159086375327325, -0.0004989057404967532, 0.0005068609126044659, -0.0003926653291015833, -0.006807970367990484, -0.0029598018662304474, -0.0002721973217866418], [0.005159086375327325, 0.001510557044557044, 0.0006817554142769785, 0.0001415474814440105, -0.001760618948777656, -0.0011668514777172041, -0.00010439941853053682, -7.455538086247733e-05], [-0.0004989057404967532, 0.0006817554142769785, 0.0008052950952911728, 0.0002999262152034683, -0.001560224442569634, -0.00023196070123258407, 6.109690841910226e-05, 3.3405068402398555e-05], [0.0005068609126044659, 0.0001415474814440105, 0.0002999262152034683, 0.0011004837590957127, -0.0007516779122341804, 0.00026738711763953733, -0.0002273805092993056, -0.0005560133857531347], [-0.0003926653291015833, -0.001760618948777656, -0.001560224442569634, -0.0007516779122341804, 0.004008915294085531, 0.0006113640953803122, -0.0003013792719494475, 0.0006591680081398331], [-0.006807970367990484, -0.0011668514777172041, -0.00023196070123258407, 0.00026738711763953733, 0.0006113640953803122, 0.0031048113751044578, 0.0017090558964097343, -0.0004076508163593111], [-0.0029598018662304474, -0.00010439941853053682, 6.109690841910226e-05, -0.0002273805092993056, -0.0003013792719494475, 0.0017090558964097343, 0.0016237739092357447, -8.74684819633519e-05], [-0.0002721973217866418, -7.455538086247733e-05, 3.3405068402398555e-05, -0.0005560133857531347, 0.0006591680081398331, -0.0004076508163593111, -8.74684819633519e-05, 0.0016891207783435538]], [[1.1253684157986992, -0.05928796047781821, 0.0473339737502684, 0.0214738303893841, -0.025770698019425255, -0.09429819660364488, 0.06749164497506506, -0.01325801828505561], [-0.05928796047781821, 0.0042664172470060985, -0.00242527467324977, -0.0014147749222522966, 0.0018300548317522376, 0.004596029889043056, -0.0034814535162718584, 0.0006545594146794431], [0.0473339737502684, -0.00242527467324977, 0.0065298558145585155, -0.0017929268348881246, -0.00045531870974469506, -0.002534273887032004, 0.0022319079392287716, -9.960181155027687e-05], [0.0214738303893841, -0.0014147749222522966, -0.0017929268348881246, 0.0031807268725201425, -0.0017419205433049502, -0.003126381530208929, 0.0016968792337535917, -0.0003205659996782839], [-0.025770698019425255, 0.0018300548317522376, -0.00045531870974469506, -0.0017419205433049502, 0.0023522706975927575, 0.0021885009806931126, -0.001823744678854825, -0.00021120784054430033], [-0.09429819660364488, 0.004596029889043056, -0.002534273887032004, -0.003126381530208929, 0.0021885009806931126, 0.009819857914798672, -0.0052963468954004165, 0.0010571035985803517], [0.06749164497506506, -0.0034814535162718584, 0.0022319079392287716, 0.0016968792337535917, -0.001823744678854825, -0.0052963468954004165, 0.004620653075117945, -0.0008490593034795757], [-0.01325801828505561, 0.0006545594146794431, -9.960181155027687e-05, -0.0003205659996782839, -0.00021120784054430033, 0.0010571035985803517, -0.0008490593034795757, 0.000877956716177302]], [[33.84641036685753, 2.0362137916547645, -6.7637507761829525, 1.6558414850439258, 3.328669737913947, -1.6877264492409763, 0.06480274449875754, -0.048989724673635986], [2.0362137916547645, 0.12287434642608322, -0.4064640020499235, 0.09971959486427166, 0.2002720929490579, -0.10116482720841707, 0.004069442278993899, -0.003544359905459318], [-6.7637507761829525, -0.4064640020499235, 1.3523446347690438, -0.33074141548247465, -0.6652123866275739, 0.33759511164356737, -0.012895191935920584, 0.008944210431997963], [1.6558414850439258, 0.09971959486427166, -0.33074141548247465, 0.08157097545632588, 0.16223325678090347, -0.08224705428048713, 0.0033460093736298927, -0.0029439820475752197], [3.328669737913947, 0.2002720929490579, -0.6652123866275739, 0.16223325678090347, 0.3288939914614976, -0.166670887905954, 0.005542211864110418, -0.005262877051061189], [-1.6877264492409763, -0.10116482720841707, 0.33759511164356737, -0.08224705428048713, -0.166670887905954, 0.08591857306926175, -0.0018113748434145282, 0.0016016616862507922], [0.06480274449875754, 0.004069442278993899, -0.012895191935920584, 0.0033460093736298927, 0.005542211864110418, -0.0018113748434145282, 0.0014872070977141854, -1.9633658568989913e-05], [-0.048989724673635986, -0.003544359905459318, 0.008944210431997963, -0.0029439820475752197, -0.005262877051061189, 0.0016016616862507922, -1.9633658568989913e-05, 0.0037654350069089063]]]}