{"weights": [0.46205415362889574, 0.34268713898802894, 0.19525870738307533], "means": [[-2.1404604434637635, -0.5084376297970952, 0.0135891756956392, 0.20071972718692116, -0.04986737053722514, 0.05515113008313448, 0.015608984922913752, -0.0013075411853345797], [2.7716856980559426, -1.9036185333851208, 0.16691850889221357, 0.17202215084796696, -0.18867526974925816, 0.05477642015681884, 0.04752050648137325, 0.04897231941779592], [1.7301692176656402, 3.679099031160079, -0.2495339751634567, -0.05675168325297054, -0.09808174787067814, 0.00837660108394728, 0.03783161233548742, -0.01323226389024715]], "cov": [[[0.023653144759799308, -0.009670729783781523, 0.00818539544211217, -0.07687391291662235, 0.022784465844376472, -0.02142687835576687, -0.010920486080559297, 0.00490232115750336], [-0.009670729783781523, 0.029766158192299604, -0.01498050092550726, 0.051501287219010775, -0.032766973891008536, 0.004944129207249745, -0.01831684542193475, -0.005544043300044734], [0.00818539544211217, -0.01498050092550726, 0.019805227770719185, -0.0896264642781063, 0.031131399505527752, -0.01139066867989545, 0.01535199166219692, -0.006231699020915329], [-0.07687391291662235, 0.051501287219010775, -0.0896264642781063, 0.5554901679053071, -0.1590656249967165, 0.10638190635067767, -0.009308268044481479, 0.02619883539847941], [0.022784465844376472, -0.032766973891008536, 0.031131399505527752, -0.1590656249967165, 0.0683192473130967, -0.01851158648379675, 0.006815916446605787, -0.012663017863227379], [-0.02142687835576687, 0.004944129207249745, -0.01139066867989545, 0.10638190635067767, -0.01851158648379675, 0.04091513395565797, -4.525299636838197e-05, -0.012716444607126723], [-0.010920486080559297, -0.01831684542193475, 0.01535199166219692, -0.009308268044481479, 0.006815916446605787, -4.525299636838197e-05, 0.05268339347368186, 0.008790327099343714], [0.00490232115750336, -0.005544043300044734, -0.006231699020915329, 0.02619883539847941, -0.012663017863227379, -0.012716444607126723, 0.008790327099343714, 0.024620923159143774]], [[9.435438143373073, -3.3065230863463264, 0.12416906906293736, -1.8808005636641079, 0.28631783761190394, -0.4342542506111359, -0.05289256950376905, -0.007651780952491241], [-3.3065230863463264, 4.482213470170694, 1.7096628486831662, 0.6560067389954076, 0.09817210974824078, 0.11776146025977373, -0.03428196621902845, -0.038549502320872356], [0.12416906906293736, 1.7096628486831662, 1.1490326176635273, -0.07600758540724094, 0.06231535841012378, -0.004969451604679186, -0.006245527278716896, 0.009424687251815243], [-1.8808005636641079, 0.6560067389954076, -0.07600758540724094, 1.0877819387235153, 0.22893936124472616, -0.10885645309802573, 0.048239720256276285, -0.05473003195873693], [0.28631783761190394, 0.09817210974824078, 0.06231535841012378, 0.22893936124472616, 0.6338440799293439, -0.011429699022228783, -0.08928287284126957, 0.016999199582838905], [-0.4342542506111359, 0.11776146025977373, -0.004969451604679186, -0.10885645309802573, -0.011429699022228783, 0.2270483070227498, -0.04849233844973796, 0.03046239420877234], [-0.05289256950376905, -0.03428196621902845, -0.006245527278716896, 0.048239720256276285, -0.08928287284126957, -0.04849233844973796, 0.07669804152153342, 0.015824764969396218], [-0.007651780952491241, -0.038549502320872356, 0.009424687251815243, -0.05473003195873693, 0.016999199582838905, 0.03046239420877234, 0.015824764969396218, 0.14523450226186355]], [[0.11793216834523183, -0.13472420562455187, 0.25155699745111687, 0.05391386461301843, 0.0979724232234395, 0.0019641877923961193, 0.011464854706625546, 0.014416801323710083], [-0.13472420562455187, 0.3981969207712094, 0.20191056083608344, -0.08218307006094243, -0.13235978378957958, -0.0008082235366062785, 0.0016871722578849797, 0.014427135504847644], [0.25155699745111687, 0.20191056083608344, 3.4357607320424544, 0.12524365428398462, -0.15485005361053242, -0.00779893065606605, -0.018855957806356745, -0.015425776896470856], [0.05391386461301843, -0.08218307006094243, 0.12524365428398462, 0.09290866878528624, -0.0004490997459624024, -0.01634143840837041, -0.06124689348476924, 0.010027414365458093], [0.0979724232234395, -0.13235978378957958, -0.15485005361053242, -0.0004490997459624024, 0.2454787336532352, 0.06336175253913733, 0.12952379296884647, -0.0035517588762835023], [0.0019641877923961193, -0.0008082235366062785, -0.00779893065606605, -0.01634143840837041, 0.06336175253913733, 0.05031669871399052, 0.08728262155060106, -0.027965807308709234], [0.011464854706625546, 0.0016871722578849797, -0.018855957806356745, -0.06124689348476924, 0.12952379296884647, 0.08728262155060106, 0.2161938527870139, -0.04632531508680654], [0.014416801323710083, 0.014427135504847644, -0.015425776896470856, 0.010027414365458093, -0.0035517588762835023, -0.027965807308709234, -0.04632531508680654, 0.03970288089858661]]]}