{"weights": [0.1272111642538269, 0.21168224940316704, 0.29998656716293437, 0.11207867395960874, 0.07815051407210266, 0.1708908311483603], "means": [[3.7167157813020135, 0.46643743845085184, -0.3747523046766331, 0.13316870360083996, -0.02985241911395887, -0.08678263733633322, 0.05964120669634801, -0.00981113155007068], [1.050948794081403, 0.5494392583272937, -0.5250776161268164, 0.00448020896152747, 0.048982497171851935, 0.04017972097420623, -0.030166005628265883, 0.009999468396830028], [-3.9169832358655556, -0.4365891512289236, 0.10192259848625095, 0.03075082507371669, 0.018176727787111192, -0.003950535400429212, 0.008755117396784855, 0.0031614373065321933], [-2.676050195024403, -0.02430698697549487, -0.20940773483249575, -0.0805109940777692, -0.10665256382286102, -0.008800580726066091, -0.022449444028383343, -0.01729081202573456], [-0.7371307260594809, 1.4449083221548173, 1.0777625890766884, -0.016642350801282124, -0.00042448900472164306, 0.004248564540395543, -0.005501253355026892, -0.004216215625812719], [6.852165871654391, -0.6520622165975033, 0.29332174022384533, -0.03783523598277541, -0.003718796357756721, 0.01156720096570679, -0.005055510602553898, 0.0024622741898095847]], "cov": [[[0.13097592304706213, -0.0149657364250978, 0.02386161803697879, -0.006743915484875101, -0.004466133375849363, 0.00037417482734726574, 0.0072456128227819635, 0.00032814826980256083], [-0.014965736425097798, 0.002305825656207426, -0.001687614402748, 3.4150040276907945e-05, 0.0007840263778440877, 9.377866186044691e-05, -0.0009348220840752498, -1.850486463538009e-05], [0.02386161803697879, -0.0016876144027479997, 0.006649094630492788, -0.002598731081977203, -0.0008801844432143023, 0.0004837067618921246, 0.0009068292891450455, 0.00035775914457860893], [-0.0067439154848751, 3.4150040276907985e-05, -0.002598731081977203, 0.00185375569843356, -0.0006599763047513545, -0.00032734771615811916, -7.734429664609779e-05, 0.00028609080226482496], [-0.004466133375849363, 0.0007840263778440875, -0.0008801844432143024, -0.0006599763047513544, 0.0025356131879217267, -0.0002310627875285274, -0.0003073879145373193, -0.0011147250683836818], [0.0003741748273472657, 9.377866186044691e-05, 0.0004837067618921245, -0.00032734771615811916, -0.0002310627875285274, 0.0006449751663892762, 0.00014194501740246026, -0.00017411220097704078], [0.007245612822781962, -0.0009348220840752496, 0.0009068292891450453, -7.73442966460978e-05, -0.0003073879145373193, 0.00014194501740246026, 0.0007030595327676775, -6.392483417367677e-05], [0.0003281482698025607, -1.850486463538006e-05, 0.0003577591445786089, 0.00028609080226482496, -0.0011147250683836818, -0.00017411220097704076, -6.392483417367674e-05, 0.0008976593941269244]], [[0.3570008817029636, 0.004105077931841985, 0.033079184685765636, 0.03277690478407477, -0.015233250138766757, 0.02378547658326966, -0.011928352061091534, -0.0030019345019383966], [0.004105077931841985, 0.0011420148542128476, 0.0007358434731913374, 0.00017417369370118166, -0.0011555257128471085, -0.0008394371229953574, -0.00014854354547938042, 4.7773570009854704e-05], [0.033079184685765636, 0.0007358434731913373, 0.004655804488098677, 0.0032639675406273315, -0.0019930612827126696, 0.0028230324395615175, -0.0016743806183746647, 4.644947683900002e-05], [0.03277690478407477, 0.00017417369370118158, 0.003263967540627332, 0.004652045611668585, -0.0021224899062017044, 0.0027181943920513906, -0.0014604141924543929, -0.000662811153440906], [-0.015233250138766757, -0.0011555257128471085, -0.0019930612827126696, -0.0021224899062017044, 0.003239352965904113, -0.0003455677479073944, 0.00036569330524055337, 0.0004163371603338989], [0.023785476583269658, -0.0008394371229953576, 0.0028230324395615175, 0.0027181943920513906, -0.00034556774790739435, 0.004643499680279705, 2.3980490464541e-05, -0.00036607830704053025], [-0.011928352061091533, -0.00014854354547938042, -0.001674380618374665, -0.0014604141924543929, 0.0003656933052405534, 2.3980490464541e-05, 0.002063221699027029, -5.231429793001278e-05], [-0.0030019345019383966, 4.777357000985473e-05, 4.644947683900001e-05, -0.000662811153440906, 0.00041633716033389874, -0.00036607830704053025, -5.231429793001279e-05, 0.0011146061920075357]], [[0.046325062916166365, 0.019234943594202587, -0.016293753379669918, -0.03925297279417748, -0.008492414041208329, -0.001266383434670984, 0.0003743767362615111, 0.0007466328350588648], [0.019234943594202587, 0.009827207247990632, -0.005513417356575624, -0.01644217005462746, -0.0026856096258146226, -0.0009019753782784887, 0.001246529692973172, 0.0003716417517569534], [-0.016293753379669918, -0.005513417356575624, 0.00731842493761942, 0.016733376123521843, 0.0015765332664364144, 0.000368201903500362, 0.00022705974279409508, 0.0001907090708454563], [-0.039252972794177485, -0.01644217005462746, 0.016733376123521847, 0.05504810946770951, -0.0024706496445127454, 0.00140269025423697, -0.001738278044968559, 0.0014408659238981656], [-0.008492414041208329, -0.002685609625814623, 0.0015765332664364144, -0.002470649644512746, 0.01592887681871255, -0.0005023564615156458, 0.0014654625683909878, -0.0015820287146390112], [-0.0012663834346709837, -0.0009019753782784885, 0.00036820190350036184, 0.00140269025423697, -0.0005023564615156457, 0.0021451166414885718, 0.0012053136319253132, -0.0005417555973752001], [0.00037437673626151085, 0.0012465296929731718, 0.00022705974279409505, -0.0017382780449685595, 0.0014654625683909875, 0.0012053136319253135, 0.002291580476302084, -1.4618105074851294e-05], [0.0007466328350588648, 0.0003716417517569534, 0.00019070907084545622, 0.0014408659238981656, -0.001582028714639011, -0.0005417555973752002, -1.4618105074851317e-05, 0.003870675772418397]], [[0.026156529314866575, 0.008149340570611176, -0.005352848395576513, 0.003705274430435331, -0.0021362232068428168, -0.0017679940440625216, -0.0012141487896414008, -0.002816901778049385], [0.008149340570611176, 0.002964151374210443, -0.001342184376202808, 0.001050568495278238, -0.0015512625987615452, 0.000158701916209416, 0.0005410556236593021, -0.0008380317717477657], [-0.005352848395576513, -0.001342184376202808, 0.0021531453170369596, -0.0012687082843234306, 0.0001627460805113026, 0.0009539020770329697, 0.00013711420366207614, 0.0008725886124822858], [0.0037052744304353303, 0.0010505684952782377, -0.0012687082843234306, 0.001213923879740822, -0.0006810602657409071, -0.0003180192546534519, 7.967084988842643e-05, -0.0011669170926902768], [-0.0021362232068428168, -0.001551262598761545, 0.00016274608051130267, -0.0006810602657409071, 0.003762432052466544, -0.002310487417391715, -0.0032431167823852715, 0.0010794340258211247], [-0.0017679940440625214, 0.00015870191620941614, 0.0009539020770329697, -0.0003180192546534519, -0.002310487417391715, 0.002382313911983911, 0.0026978880283716152, 7.931496830915938e-05], [-0.0012141487896414008, 0.0005410556236593021, 0.00013711420366207608, 7.967084988842639e-05, -0.0032431167823852715, 0.0026978880283716152, 0.00416457347889161, 0.00011803915739458277], [-0.002816901778049385, -0.0008380317717477655, 0.0008725886124822858, -0.0011669170926902768, 0.0010794340258211245, 7.931496830915944e-05, 0.0001180391573945828, 0.0027136693392348274]], [[0.26317488441179687, 0.017391982901288, -0.050505234924991683, 0.013572883834024168, 0.02641234198669739, -0.011504368323245742, 0.0008225072735407042, -0.004508867689140576], [0.017391982901288, 0.0014836850668988495, -0.0028309436957999834, 0.0010466880291996042, 0.0016747141448812107, -0.00023741259534288626, 0.00029255184055339593, -0.0011253988767191644], [-0.050505234924991683, -0.002830943695799983, 0.01055602291649132, -0.0024036549317871005, -0.00515459095133619, 0.0027369786704890173, -1.5060620175162677e-05, -0.00025174276571031325], [0.013572883834024168, 0.0010466880291996042, -0.0024036549317871005, 0.001237639006018621, 0.0007921187081155449, -8.35314747465515e-05, 0.0003415933679717811, -0.0010476805111570033], [0.026412341986697386, 0.0016747141448812107, -0.00515459095133619, 0.0007921187081155449, 0.004045712913447622, -0.0019681745592952165, -0.0008152992185566038, -0.0007555528724156136], [-0.011504368323245742, -0.00023741259534288626, 0.0027369786704890173, -8.353147474655158e-05, -0.001968174559295216, 0.0025793275978198593, 0.0015303606957297528, -0.0013300132995232633], [0.0008225072735407043, 0.0002925518405533959, -1.5060620175162738e-05, 0.00034159336797178115, -0.0008152992185566038, 0.0015303606957297526, 0.001416681042567973, -0.0003147211987245885], [-0.004508867689140576, -0.0011253988767191642, -0.00025174276571031314, -0.001047680511157003, -0.0007555528724156136, -0.0013300132995232633, -0.00031472119872458877, 0.004910519640059766]], [[0.0008432189996893213, 0.00030794321364845833, 0.0013445073788249397, -0.00046392832817611335, -5.396849073688184e-05, 6.940717822378939e-06, -6.421909855015758e-05, -0.00017613415630456596], [0.00030794321364845833, 0.010301561888303779, 0.007528461430248515, -0.004725911012705256, 0.0004047051826870791, -0.0024758413453964474, 0.004669696541047199, -0.00023617861110759655], [0.0013445073788249397, 0.007528461430248515, 0.007210925306467087, -0.003973097083143203, 0.00022129015270982606, -0.0014769660515277646, 0.003185689266570211, -0.00043993292641191455], [-0.00046392832817611335, -0.004725911012705257, -0.003973097083143203, 0.0023833600112904067, -0.00023610870357507646, 0.0010995424617634823, -0.0020199582031532764, 0.00015325650571930467], [-5.396849073688183e-05, 0.00040470518268707916, 0.00022129015270982603, -0.0002361087035750765, 0.00014500061967559762, -0.00022636282579675942, 8.740484441647026e-05, 2.436905165007057e-05], [6.940717822378973e-06, -0.0024758413453964474, -0.0014769660515277646, 0.0010995424617634823, -0.00022636282579675942, 0.0010682853974074457, -0.0009304399036254053, -0.00010333155336239902], [-6.421909855015757e-05, 0.004669696541047199, 0.003185689266570211, -0.0020199582031532764, 8.740484441647028e-05, -0.0009304399036254054, 0.0023096191961610554, -0.00011224709003894802], [-0.00017613415630456596, -0.0002361786111075966, -0.00043993292641191455, 0.00015325650571930465, 2.4369051650070576e-05, -0.00010333155336239905, -0.00011224709003894802, 0.00019609827255322976]]]}