{"weights": [0.17114093958877147, 0.16778523518428165, 0.30201342216486526, 0.12416107421022009, 0.1543624154547048, 0.08053691339715642], "means": [[6.8701383688469075, -0.6477813434356887, 0.30718975272580695, -0.042742277059827104, -0.001863956293668958, -0.000866975376077646, -0.012272896012111272, -0.0008756565049627324], [-4.10566970641271, -0.5217627066675155, 0.18255787432713788, 0.23223214753698304, 0.04856300860343341, -0.005155794763231525, 0.0026097509399402, 0.00950640630080998], [-3.2281745489075275, -0.2039432720090406, -0.08481571316749065, -0.14798806379424198, -0.04699084119484677, 0.005792979700577663, 0.004831821909160146, -0.00907726578459263], [0.6625433714354705, 0.5397895390433459, -0.5857338256736047, -0.04022835598916475, 0.058606564227753725, 0.00021857611592462914, -0.014482215778680906, 0.018768305319593784], [2.9841109550381955, 0.47747404499779716, -0.43137372252323847, 0.12101967897463159, -0.007516052092241949, -0.0059980367383095125, 0.01585247675675904, -0.005418707387183662], [-0.6808779329700069, 1.4809941276638094, 1.014757734271028, -0.007970066063937397, 0.0030576060876361375, 0.0020191534561260433, -0.005533573446115764, -0.0024531114583628924]], "cov": [[[0.0005192648766519705, 0.0004480455996402726, 0.0008776279866146938, -0.0002806933404121466, -0.0001069906954812305, -7.493546800731038e-05, 0.00017489295165220575, -0.00018102275862651477], [0.0004480455996402726, 0.008123673386544352, 0.0058373068915402145, -0.003722091450141547, 0.00026760513820911643, -0.0003731850336746957, 0.0035910998248067554, 0.0008534804152164413], [0.0008776279866146938, 0.0058373068915402145, 0.005164692345515614, -0.002935037321223983, 0.00017119105046306538, -0.0004869363404443208, 0.002343480353388343, 0.0003758651178770531], [-0.0002806933404121466, -0.003722091450141547, -0.002935037321223983, 0.0019214392905223142, -0.0003082565337974867, 5.924181529611266e-05, -0.0015014662475588058, -0.00047665600389725806], [-0.0001069906954812305, 0.00026760513820911643, 0.00017119105046306538, -0.0003082565337974867, 0.0003113510812872398, 0.0002614447876624903, -1.2806893808106282e-06, 0.0002172625139244325], [-7.493546800731038e-05, -0.0003731850336746957, -0.0004869363404443208, 5.924181529611266e-05, 0.0002614447876624903, 0.0006523717935200569, -0.00015689664352249285, 0.0002303651580070018], [0.00017489295165220575, 0.0035910998248067554, 0.002343480353388343, -0.0015014662475588058, -1.2806893808106282e-06, -0.00015689664352249285, 0.0017414453518979365, 0.0003193950069844965], [-0.00018102275862651477, 0.0008534804152164413, 0.0003758651178770531, -0.00047665600389725806, 0.0002172625139244325, 0.0002303651580070018, 0.0003193950069844965, 0.0004713855136287425]], [[0.0021277704274488248, 0.0014039826379220117, 0.0005611575808712396, 0.001204160035650386, -0.0023038983144859286, 0.0009202864314659007, -0.0005274018024004824, -0.00017208678096617845], [0.0014039826379220117, 0.0032905895118817037, 0.0014240469424395528, -0.003651358911888837, 0.00288060344958077, 0.00017062254576835436, 0.0012391370253725087, -2.5616853825783513e-05], [0.0005611575808712396, 0.0014240469424395528, 0.0007849104895198426, -0.0011948884279290935, 0.001147644835610837, 0.00024267042555641222, 0.0004662031638085202, -0.0002754584958565327], [0.001204160035650386, -0.003651358911888837, -0.0011948884279290935, 0.017906430738795345, -0.00846379816309719, 0.0013248339086885247, -0.003109048221754237, -0.0008861142724784861], [-0.0023038983144859286, 0.00288060344958077, 0.001147644835610837, -0.00846379816309719, 0.015530026564045379, -0.001041449462222268, 0.003798029167277675, 0.0005359285826768589], [0.0009202864314659007, 0.00017062254576835436, 0.00024267042555641222, 0.0013248339086885247, -0.001041449462222268, 0.0040877050995515845, -0.00094412729185497, -9.274180310055496e-05], [-0.0005274018024004824, 0.0012391370253725087, 0.0004662031638085202, -0.003109048221754237, 0.003798029167277675, -0.00094412729185497, 0.0013712269932583667, -3.772113699000996e-05], [-0.00017208678096617845, -2.5616853825783513e-05, -0.0002754584958565327, -0.0008861142724784861, 0.0005359285826768589, -9.274180310055496e-05, -3.772113699000996e-05, 0.002652984943399872]], [[0.2811596817960082, 0.09150622716519237, -0.061294928181923544, 0.027705495032309884, -0.03016524710117011, 0.0027686624698153106, -0.006468252310576244, -0.004536783545523653], [0.09150622716519237, 0.03082309541095335, -0.019307119541875625, 0.008812743980775388, -0.01133764630537225, 0.0006360286633540846, -0.0016746869219973733, -0.001130112668790084], [-0.061294928181923544, -0.019307119541875625, 0.014158041891987282, -0.005960694718884088, 0.005493740298433118, -0.0006887160834096446, 0.0013791975164912683, 0.0011292889021747056], [0.027705495032309884, 0.008812743980775388, -0.005960694718884088, 0.0059601582089484715, -0.005506561587391088, 0.0007284148169618544, -0.000936694632574061, -0.0008414356373455268], [-0.03016524710117011, -0.01133764630537225, 0.005493740298433118, -0.005506561587391088, 0.00936308463565803, 0.0005767962837067818, 0.000321864423859567, -0.00042354023286209536], [0.0027686624698153106, 0.0006360286633540846, -0.0006887160834096446, 0.0007284148169618544, 0.0005767962837067818, 0.003487512920392173, -0.0004944905740406539, -0.00016162309943680374], [-0.006468252310576244, -0.0016746869219973733, 0.0013791975164912683, -0.000936694632574061, 0.000321864423859567, -0.0004944905740406539, 0.0007604721497067665, -0.00012585636499254694], [-0.004536783545523653, -0.001130112668790084, 0.0011292889021747056, -0.0008414356373455268, -0.00042354023286209536, -0.00016162309943680374, -0.00012585636499254694, 0.0029990726876060326]], [[0.0500220280547336, 0.0038276705039066283, -0.002276406173987076, 0.0006998119440883339, 0.0009692059555176061, 0.006037333005711674, 0.0021444576165339088, -0.000903051012828448], [0.0038276705039066283, 0.0011795196906201318, 0.0006408939592307346, -5.968377958696636e-05, -0.0013272178638469463, 0.0006921553670983255, 0.0003991091724567339, -4.968857807318279e-05], [-0.002276406173987076, 0.0006408939592307346, 0.0011522714271800071, -9.168226714121997e-05, -0.0014414331789831458, -0.00013562453295738188, -0.00014468513943667694, 0.00010448814618820113], [0.0006998119440883339, -5.968377958696636e-05, -9.168226714121997e-05, 0.0009908323962962331, -0.0002354190856486167, -0.00012132675548497692, -3.232737621383174e-06, -0.0005834348316526828], [0.0009692059555176061, -0.0013272178638469463, -0.0014414331789831458, -0.0002354190856486167, 0.003022662888215745, -0.0002900558438427438, -0.00022978298929796247, 0.00010553271106135679], [0.006037333005711674, 0.0006921553670983255, -0.00013562453295738188, -0.00012132675548497692, -0.0002900558438427438, 0.003140511320348795, 0.000116673520643146, 0.00016994788054571216], [0.0021444576165339088, 0.0003991091724567339, -0.00014468513943667694, -3.232737621383174e-06, -0.00022978298929796247, 0.000116673520643146, 0.0004655531206803311, -0.00031245623432200046], [-0.000903051012828448, -4.968857807318279e-05, 0.00010448814618820113, -0.0005834348316526828, 0.00010553271106135679, 0.00016994788054571216, -0.00031245623432200046, 0.0019966281581501985]], [[1.0110063668732165, -0.06203993408970382, 0.045920150196898685, 0.02515374233538583, -0.03230754532445414, 0.025506515555231504, 0.09939425247117493, 0.01268448424231637], [-0.06203993408970382, 0.005495914641531971, -0.0027746423127954292, -0.0014622083019356657, 0.0015903657247336878, -0.0016907886574958314, -0.005300949180628041, -0.0006587438227598086], [0.045920150196898685, -0.0027746423127954292, 0.005970505564191893, -0.0015454805514191815, -0.0011090914307176555, 0.0007421020860845966, 0.002909267497155649, 0.0012434896369260848], [0.02515374233538583, -0.0014622083019356657, -0.0015454805514191815, 0.0041839334643676085, -0.002768016280147656, 0.0008234249070693286, 0.004501930505695184, -6.216498770687757e-05], [-0.03230754532445414, 0.0015903657247336878, -0.0011090914307176555, -0.002768016280147656, 0.0039254886144263765, -2.395216488709623e-05, -0.004394371552366136, -0.0008378536984669076], [0.025506515555231504, -0.0016907886574958314, 0.0007421020860845966, 0.0008234249070693286, -2.395216488709623e-05, 0.002546864193561717, 0.0023916918938183232, 9.756490032901356e-06], [0.09939425247117493, -0.005300949180628041, 0.002909267497155649, 0.004501930505695184, -0.004394371552366136, 0.0023916918938183232, 0.011466476871001972, 0.0009379554258124236], [0.01268448424231637, -0.0006587438227598086, 0.0012434896369260848, -6.216498770687757e-05, -0.0008378536984669076, 9.756490032901356e-06, 0.0009379554258124236, 0.0011010710493439889]], [[0.2524447443820755, 0.017307988785111708, -0.051134960220264765, 0.007284520478839183, 0.0375234501526226, 0.0038068754917723823, 0.01151451061985149, -0.01080131707379901], [0.017307988785111708, 0.001906118856816659, -0.0028478364188515275, 0.0003137195979232576, 0.00280778100471293, 0.00017555600007297607, 0.0009897726373024522, -0.0010236959389606814], [-0.051134960220264765, -0.0028478364188515275, 0.011225949791853616, -0.0014896175385339181, -0.007602188698570952, -0.000542814094590509, -0.002275937032527143, 0.002021853936693726], [0.007284520478839183, 0.0003137195979232576, -0.0014896175385339181, 0.0008982574719517055, 0.0002656010173835409, 4.277918625684766e-05, 0.00024145389297933024, -0.0002820821769796832], [0.0375234501526226, 0.00280778100471293, -0.007602188698570952, 0.0002656010173835409, 0.007632159774305031, 0.0013708856329298846, 0.0017525386350103857, -0.002877860497992367], [0.0038068754917723823, 0.00017555600007297607, -0.000542814094590509, 4.277918625684766e-05, 0.0013708856329298846, 0.0041386610249529235, -0.0005105174474225251, 0.0002630928085959576], [0.01151451061985149, 0.0009897726373024522, -0.002275937032527143, 0.00024145389297933024, 0.0017525386350103857, -0.0005105174474225251, 0.0007424344890775789, -0.0007841587243124151], [-0.01080131707379901, -0.0010236959389606814, 0.002021853936693726, -0.0002820821769796832, -0.002877860497992367, 0.0002630928085959576, -0.0007841587243124151, 0.0031140222553486924]]]}