{"weights": [0.4615200509451946, 0.342068766454696, 0.19641118260010937], "means": [[-2.1449056371474566, -0.49464039059819004, 0.0061638184484577455, 0.2281662693065676, -0.06747608236055236, 0.05618375353032944, 0.008614447942145753, -0.0006655033268710671], [2.957294827552364, -2.00336820039589, 0.12669236414763066, 0.27532430023364424, -0.030263146727784438, 0.042486985711050744, 0.007019533725749693, 0.009613817932596833], [1.7958943065783743, 3.6497843246791164, 0.09460855994912393, -0.027067230224290664, -0.05387058078462013, 0.007076405411879249, 0.012990138095139547, -0.01037492852506386]], "cov": [[[0.02424010805719888, -0.010853426631283587, 0.009014233332915808, -0.08120603994561444, 0.024704691278090864, -0.02209715075362224, -0.010543036306982799, 0.004833075380914118], [-0.010853426631283587, 0.030960965740819746, -0.016189509553277436, 0.05991576700771371, -0.03548179863321647, 0.006811438376835877, -0.018206252264039796, -0.005443738038597919], [0.009014233332915808, -0.016189509553277436, 0.020764510952334378, -0.0952756129352492, 0.03331146607761691, -0.012435230548579113, 0.01559494592185617, -0.0063132889750562755], [-0.08120603994561444, 0.05991576700771371, -0.0952756129352492, 0.5840209038918796, -0.17212580060681634, 0.11052117561273572, -0.012239198805651112, 0.026643671118421187], [0.024704691278090864, -0.03548179863321647, 0.03331146607761691, -0.17212580060681634, 0.0732870948723178, -0.020978117361472207, 0.00728949370143506, -0.012840782685974451], [-0.02209715075362224, 0.006811438376835877, -0.012435230548579113, 0.11052117561273572, -0.020978117361472207, 0.04118874254689395, -0.0009450446159779009, -0.012634631582762979], [-0.010543036306982799, -0.018206252264039796, 0.01559494592185617, -0.012239198805651112, 0.00728949370143506, -0.0009450446159779009, 0.052271598596504834, 0.008755278769468796], [0.004833075380914118, -0.005443738038597919, -0.0063132889750562755, 0.026643671118421187, -0.012840782685974451, -0.012634631582762979, 0.008755278769468796, 0.02462545071451656]], [[9.892483154041424, -3.5390532007238726, 0.06715133764269525, -1.8198892329698302, 0.4592312537166188, -0.45948337186092764, -0.09334279227308162, -0.04588798535849052], [-3.5390532007238726, 4.523561926155868, 1.7038299246677389, 0.616499319920348, -0.004801038786214258, 0.13227579760371674, -0.010032644476239663, -0.014889348056962667], [0.06715133764269525, 1.7038299246677389, 1.1307528358806969, -0.07909789407094475, 0.044560867144088044, -0.0010690591395616056, -0.0017186590264624366, 0.013633566200619457], [-1.8198892329698302, 0.616499319920348, -0.07909789407094475, 1.042162419172814, 0.19102346060267444, -0.11181313940996383, 0.0595097058749223, -0.043047054357862866], [0.4592312537166188, -0.004801038786214258, 0.044560867144088044, 0.19102346060267444, 0.6329037448749207, -0.02052838190600996, -0.08704687560187803, 0.02082886461465852], [-0.45948337186092764, 0.13227579760371674, -0.0010690591395616056, -0.11181313940996383, -0.02052838190600996, 0.22880832408212184, -0.04655609795443967, 0.03242714622737204], [-0.09334279227308162, -0.010032644476239663, -0.0017186590264624366, 0.0595097058749223, -0.08704687560187803, -0.04655609795443967, 0.0753020731034437, 0.014281028034630749], [-0.04588798535849052, -0.014889348056962667, 0.013633566200619457, -0.043047054357862866, 0.02082886461465852, 0.03242714622737204, 0.014281028034630749, 0.1434291337899888]], [[0.12080787592478755, -0.13517795428871182, 0.2908637415644342, 0.057122012985463835, 0.09551020381837762, 0.0025722570326203054, 0.011574157227054035, 0.01281885316692213], [-0.13517795428871182, 0.41114488166775404, 0.21758979474396653, -0.08427581926465076, -0.1300676822840883, -0.0009332626400043311, -0.000405666448923703, 0.016305076102185227], [0.2908637415644342, 0.21758979474396653, 3.8593618735215425, 0.15050221390476834, -0.15323903379439602, -0.004660545987987643, -0.03164225859765388, -0.020296878477076348], [0.057122012985463835, -0.08427581926465076, 0.15050221390476834, 0.09569655973133565, 0.00021917983480529478, -0.015984966347705135, -0.06142675297209545, 0.009250737512868859], [0.09551020381837762, -0.1300676822840883, -0.15323903379439602, 0.00021917983480529478, 0.24148156147124802, 0.06364081756433243, 0.13071179638393526, -0.004548520121073368], [0.0025722570326203054, -0.0009332626400043311, -0.004660545987987643, -0.015984966347705135, 0.06364081756433243, 0.050182112839901, 0.08666381471338531, -0.027718102292197958], [0.011574157227054035, -0.000405666448923703, -0.03164225859765388, -0.06142675297209545, 0.13071179638393526, 0.08666381471338531, 0.21536408657600306, -0.045500393981490646], [0.01281885316692213, 0.016305076102185227, -0.020296878477076348, 0.009250737512868859, -0.004548520121073368, -0.027718102292197958, -0.045500393981490646, 0.0397776947475177]]]}