{"weights": [0.17113975418343602, 0.1671288708442573, 0.3026648775073294, 0.12416889667570642, 0.15435731851239506, 0.08054028227687585], "means": [[-6.869715327906075, -0.6477767317761615, -0.30718478001992067], [4.105510356829449, -0.5220804281626833, -0.1823802796438634], [3.229787794825537, -0.20444252232357088, 0.0841459611557298], [-0.6622418487447961, 0.539703575942125, 0.5856700628713217], [-2.9839449233264457, 0.47749988656275866, 0.4313447824628929], [0.6805579785804018, 1.4809065856076342, -1.0146316386175023]], "cov": [[[0.005166043629711069, -0.00039745173025004294, 0.0009322364507878861], [-0.00039745173025004294, 0.008124039774755457, -0.005836539957376805], [0.0009322364507878861, -0.005836539957376805, 0.005165163433351689]], [[0.007776160538356921, -0.0013341485374525192, 0.0005845803060962977], [-0.0013341485374525192, 0.0032816964903447507, -0.0014058741928002568], [0.0005845803060962977, -0.0014058741928002568, 0.0007891589239010286]], [[0.28224252464602084, -0.09177768010942136, -0.061731615945520804], [-0.09177768010942136, 0.03089173890988235, 0.019431659557131453], [-0.061731615945520804, 0.019431659557131453, 0.014342078771702087]], [[0.05207482688573122, -0.004144935368803481, -0.00247531175015495], [-0.004144935368803481, 0.001244314963002439, -0.0005968402478481131], [-0.00247531175015495, -0.0005968402478481131, 0.001183012294949122]], [[1.0114578443435018, 0.06212773170769209, 0.04580302608684325], [0.06212773170769209, 0.005519661600926741, 0.002740477934469327], [0.04580302608684325, 0.002740477934469327, 0.006020826652605765]], [[0.25368461769120393, -0.016979967820156264, -0.05158896343598758], [-0.016979967820156264, 0.001994286743574265, 0.0027212852358863356], [-0.05158896343598758, 0.0027212852358863356, 0.011407774527821508]]]}