{"weights": [0.12738816337098363, 0.2046916475082971, 0.3068005407852971, 0.12344947368659215, 0.09899669285079526, 0.1386734817980348], "means": [[3.721543441217881, 0.45171019637315546, -0.4040964483508624, 0.1516328905866928, -0.045841481626503484, -0.08668924682795934, 0.06789282558590648, -0.013300228385998977], [0.9837317339443262, 0.5614811044486385, -0.5268349592340141, -0.005072879697417135, 0.04885851950504647, 0.03652761322083289, -0.017740046617209612, 0.01956126589482975], [-3.94481557789701, -0.45061001814609697, 0.10561471188870393, 0.03348126653078256, 0.03666403845923035, 0.00015807480508967845, 0.013170000921892073, -0.008152680076698251], [-2.726103490617703, -0.038062006371246584, -0.20142113386020477, -0.08876992667074826, -0.11150296015479122, 0.00230636456371332, -0.008969552060206833, -0.01698722904613305], [-0.6187813792027487, 1.4514401797654217, 1.0515366460480402, 0.012365812563036108, -0.0016361609189566887, 0.006327034258157183, -0.0044915556432648125, -0.03040832556795318], [6.856580918964994, -0.6146642790794253, 0.3238811092958964, -0.055867812076546376, -3.966289952033753e-06, -0.0004349244228800304, 0.007811785832409789, -0.0006374887674733136]], "cov": [[[0.17357784979849616, -0.019842516673978232, 0.0316182387677503, -0.008894798826258654, -0.005998413024228122, 0.0005029097513644463, 0.009612744168224384, 0.0004735589041411069], [-0.019842516673978232, 0.0032561508790777253, -0.00207368768056141, -3.9704376241589265e-07, 0.00128049219850278, 0.00015005292214663004, -0.0011033290304263738, -8.871095419392186e-05], [0.0316182387677503, -0.00207368768056141, 0.008950657032240236, -0.0036879980594161613, -0.0006903099560586612, 0.0006636725515253595, 0.0012375495786500392, 0.00025324063198708117], [-0.008894798826258654, -3.97043762416097e-07, -0.0036879980594161617, 0.0028266046953571242, -0.0010165226739372603, -0.0004830729737362102, 0.00011179198395336752, 0.0004616008682156587], [-0.005998413024228122, 0.0012804921985027798, -0.0006903099560586613, -0.0010165226739372601, 0.00307317156152895, -0.00015619166263188968, -0.00040191634571707437, -0.0012904845123909226], [0.0005029097513644462, 0.00015005292214663004, 0.0006636725515253595, -0.0004830729737362102, -0.0001561916626318896, 0.000659263420455294, 9.433546683148448e-05, -0.00018157373636329966], [0.009612744168224384, -0.0011033290304263736, 0.001237549578650039, 0.00011179198395336752, -0.00040191634571707453, 9.433546683148449e-05, 0.0011131174160221326, 2.7393376660049464e-05], [0.00047355890414110677, -8.871095419392187e-05, 0.0002532406319870813, 0.0004616008682156587, -0.0012904845123909224, -0.00018157373636329963, 2.7393376660049427e-05, 0.0009961274400307801]], [[0.31314629761521307, 0.003594527556123593, 0.028882827847824945, 0.028572354349426895, -0.013164906491084987, 0.020682955812048258, -0.010489737753107388, -0.002575069199344345], [0.0035945275561235926, 0.001601254955995588, 0.0009690223953418066, -4.0570437361979e-05, -0.0016526754233695345, -0.0013559645047291084, -0.00019641018546752475, 0.00023432373721276383], [0.028882827847824942, 0.0009690223953418068, 0.00479900854849565, 0.0029107726236473315, -0.0024805572260351814, 0.00296915487390848, -0.0011652458648361375, 0.0001875192065732642], [0.02857235434942689, -4.057043736197904e-05, 0.0029107726236473315, 0.005221992005645183, -0.002504080647650581, 0.0027774817669483616, -0.0014820039832999946, -0.001149603042431034], [-0.013164906491084987, -0.0016526754233695342, -0.002480557226035181, -0.002504080647650581, 0.0044355624689737805, -6.618813108655845e-05, 0.0004923960240792942, 0.0004951019621660275], [0.020682955812048254, -0.0013559645047291082, 0.00296915487390848, 0.0027774817669483616, -6.61881310865581e-05, 0.006000330470031165, 0.0005574375523784177, -0.0003995584656154688], [-0.010489737753107386, -0.00019641018546752472, -0.0011652458648361372, -0.0014820039832999946, 0.000492396024079294, 0.0005574375523784177, 0.002033999104943078, 0.00016352654042056045], [-0.0025750691993443446, 0.00023432373721276388, 0.0001875192065732642, -0.001149603042431034, 0.0004951019621660275, -0.0003995584656154688, 0.00016352654042056045, 0.0013423588617831625]], [[0.04095610103379536, 0.01695325140117367, -0.014433391756333553, -0.034150483700791635, -0.00691630320235104, -0.0011354317358717636, 0.0003069222109246052, 0.0005941947015536278], [0.01695325140117367, 0.00919378250714711, -0.00445472995895821, -0.014293494353345556, -0.002089651820249867, -0.000985282541744189, 0.0013414334713280672, 0.00044726268280625075], [-0.014433391756333553, -0.00445472995895821, 0.006790751362336207, 0.014599721761303653, 0.001307926323428512, 0.0001843501539582425, 0.0003993904629001168, 0.00028738624895773636], [-0.03415048370079164, -0.01429349435334556, 0.014599721761303653, 0.048640186721305344, -0.0015613562337592132, 0.0011807712457327507, -0.0015197378330332812, 0.0012060507559305605], [-0.006916303202351039, -0.002089651820249866, 0.001307926323428512, -0.0015613562337592134, 0.014288542104619946, -0.0005014291823800138, 0.0012906112375408525, -0.0013044089992121691], [-0.0011354317358717636, -0.0009852825417441893, 0.00018435015395824238, 0.0011807712457327507, -0.0005014291823800138, 0.002299755515901999, 0.0013262704669185655, -0.00030377637970317695], [0.00030692221092460526, 0.0013414334713280672, 0.0003993904629001167, -0.001519737833033281, 0.0012906112375408525, 0.0013262704669185655, 0.002494956859964828, 0.0003759877554615697], [0.0005941947015536277, 0.0004472626828062506, 0.0002873862489577362, 0.0012060507559305605, -0.0013044089992121691, -0.00030377637970317706, 0.00037598775546156986, 0.004104672273735094]], [[0.03737832752189079, 0.011605271920096924, -0.007815302875333064, 0.005448335786196741, -0.003061565836590414, -0.00262529062597753, -0.001750496015480886, -0.004291931304484817], [0.011605271920096924, 0.004122526482742036, -0.0021513113898147746, 0.001654697238885034, -0.002324292814838695, 0.00020242336691994568, 0.0008811228394190351, -0.0013740183327369292], [-0.007815302875333066, -0.0021513113898147746, 0.0023535779036381165, -0.0014613847076598867, 0.00024219359797230498, 0.0011050688219177022, 0.0005386649640200896, 0.0011690517029661128], [0.005448335786196741, 0.0016546972388850338, -0.0014613847076598867, 0.0013933665651883692, -0.0009790615938848636, -0.0003055425192700826, 5.652141555661166e-05, -0.0012298897463356318], [-0.003061565836590414, -0.002324292814838695, 0.00024219359797230492, -0.0009790615938848636, 0.005591302865825399, -0.003493540455082058, -0.00502186810688719, 0.0012875603795129626], [-0.00262529062597753, 0.00020242336691994584, 0.0011050688219177022, -0.0003055425192700826, -0.003493540455082058, 0.0034466337836334413, 0.004202141708365346, -4.4277560945580164e-05], [-0.001750496015480886, 0.0008811228394190352, 0.0005386649640200893, 5.6521415556611653e-05, -0.00502186810688719, 0.004202141708365346, 0.006012090278951073, -0.00020935001105480217], [-0.004291931304484817, -0.0013740183327369292, 0.0011690517029661128, -0.0012298897463356318, 0.0012875603795129626, -4.427756094558015e-05, -0.00020935001105480217, 0.002438210399355431]], [[0.24120488800900994, 0.01593188931305486, -0.04629530323167969, 0.012468997606640296, 0.024125234484982837, -0.01054009697185064, 0.0007777463320623114, -0.004065452605577591], [0.01593188931305486, 0.0013382627205363587, -0.0026288306614327397, 0.0008846043159054488, 0.0016038304108103665, -0.00026595338130977594, 0.0002519070651947785, -0.0008728357336268029], [-0.04629530323167969, -0.0026288306614327397, 0.009660691900208946, -0.002213486946602316, -0.004704368083529064, 0.0023237641036963803, -0.00015747149934556355, -0.00010815178708363509], [0.012468997606640298, 0.0008846043159054489, -0.0022134869466023162, 0.0015333329108648134, 0.00015765510682193794, -0.00037279637239051323, 0.00010853334627795683, -0.0008180747972697805], [0.024125234484982837, 0.0016038304108103667, -0.004704368083529064, 0.00015765510682193772, 0.004764690944256149, -0.0017536882335829663, -0.0008538073013788738, -0.0010334354007309411], [-0.01054009697185064, -0.00026595338130977605, 0.0023237641036963803, -0.00037279637239051323, -0.0017536882335829663, 0.0026901607870519276, 0.0018567247743180703, -0.00047951379387051814], [0.0007777463320623114, 0.0002519070651947785, -0.00015747149934556355, 0.00010853334627795683, -0.0008538073013788736, 0.0018567247743180703, 0.0018579409964313422, 0.00033606552782171], [-0.004065452605577591, -0.0008728357336268029, -0.0001081517870836351, -0.0008180747972697805, -0.001033435400730941, -0.00047951379387051814, 0.00033606552782171003, 0.004229012445066286]], [[0.0005499878115156494, 0.0005172370741852672, 0.0010134121363412072, -0.00039992813606008, -4.4903642283610995e-05, -0.00015105115425299167, 9.78707293570648e-05, -9.424935793803403e-05], [0.0005172370741852673, 0.01013934928470482, 0.007716110884589623, -0.004737091730705151, 0.0003772422951362092, -0.0023842525764105837, 0.004554380251679576, -0.00029026040213020216], [0.0010134121363412074, 0.007716110884589625, 0.006860539847777697, -0.003919733601473825, 0.0002579965312027879, -0.0016033032600896208, 0.0033406650532823586, -0.00035698009397455726], [-0.00039992813606008, -0.004737091730705151, -0.003919733601473825, 0.0023890362998842517, -0.0002669100398451466, 0.0011111784125210284, -0.002022657450808339, 0.00013812592565271473], [-4.490364228361099e-05, 0.00037724229513620927, 0.00025799653120278795, -0.0002669100398451466, 0.00018655646850732695, -0.00021037607293630627, 4.656894589570485e-05, 1.261509955702359e-05], [-0.00015105115425299173, -0.002384252576410584, -0.0016033032600896208, 0.0011111784125210286, -0.00021037607293630627, 0.0010634558618714564, -0.000838660592916515, -8.137500853910258e-05], [9.787072935706477e-05, 0.004554380251679576, 0.0033406650532823586, -0.0020226574508083388, 4.656894589570483e-05, -0.0008386605929165148, 0.0022441173065894456, -0.0001534784401760193], [-9.424935793803401e-05, -0.00029026040213020216, -0.0003569800939745572, 0.0001381259256527147, 1.2615099557023599e-05, -8.13750085391026e-05, -0.0001534784401760193, 0.00020905562262840986]]]}