{"weights": [0.1722219695326192, 0.16667297224180017, 0.29998611225153093, 0.12778685604476603, 0.15555078160239152, 0.07778130832689212], "means": [[6.85310202700365, -0.6521271651850072, 0.2928171013708189, -0.0379611269916573, -0.0016179148469433553, 0.007870800001809253, -0.008193180492154688, 0.0015469865863994208], [-4.1154872151730055, -0.5191381816669854, 0.17473033170668703, 0.22699640426348586, 0.04291992203085627, 0.0012796301479623595, 0.00867196710392505, 0.009841407791523786], [-3.2822640217860335, -0.21947336991481003, -0.07773122999026567, -0.14357988828302642, -0.042248860983555916, -0.006530191658528823, -5.6619927271680977e-05, -0.007926873909392533], [0.6899808080420312, 0.5552861810889965, -0.5679247428077802, -0.038800262069089986, 0.06387835740304801, 0.004196158067926186, -0.005139020195310086, 0.015750856944953658], [2.862605729308139, 0.5040061684589126, -0.40997478373365254, 0.11165911662950533, -0.012153568365654979, -0.0015328148755525024, 0.013124391106321104, -0.006104117605975508], [0.6312288988895141, 1.5362854835821294, 0.8078408630723065, 0.06004576758568772, 0.12806094352672628, -0.018591017012115293, 0.029627652714239585, -0.03228393852455647]], "cov": [[[0.00583261439370573, 0.00029971459041033463, 0.0009700790880415836, -0.00044897145057853785, -9.095785681106332e-05, -7.133419535357707e-05, 4.4662888251121e-05, -0.00010580414148759736], [0.00029971459041033463, 0.00826250989753041, 0.006194317288826783, -0.003827542521592779, 0.0003085615309226401, -0.0019622298813429554, 0.0037233726151323955, -0.00022120537947268267], [0.0009700790880415836, 0.006194317288826783, 0.005662084634288641, -0.0031964401161229485, 0.00020504967709036767, -0.0012621588731513862, 0.0026561035912973704, -0.0003106509864964558], [-0.00044897145057853785, -0.003827542521592779, -0.0031964401161229485, 0.0019539185612547404, -0.00022728341128468177, 0.000873299243162171, -0.0016364578601971577, 0.00012074866847000993], [-9.095785681106332e-05, 0.0003085615309226401, 0.00020504967709036767, -0.00022728341128468177, 0.00017036586335868398, -0.0001360116940687661, 4.911542688238584e-05, 2.89818541477894e-07], [-7.133419535357707e-05, -0.0019622298813429554, -0.0012621588731513862, 0.000873299243162171, -0.0001360116940687661, 0.0008124277786327663, -0.0007485601015540668, -5.450925920057281e-05], [4.4662888251121e-05, 0.0037233726151323955, 0.0026561035912973704, -0.0016364578601971577, 4.911542688238584e-05, -0.0007485601015540668, 0.0018214261181665778, -9.803281071484711e-05], [-0.00010580414148759736, -0.00022120537947268267, -0.0003106509864964558, 0.00012074866847000993, 2.89818541477894e-07, -5.450925920057281e-05, -9.803281071484711e-05, 0.00017699797202873569]], [[0.007283169116339907, 0.0008889901945929588, 0.00043662594026852006, 0.0006131504053870842, -0.0018000114578290967, -5.869751026022547e-05, -0.0005523567221654397, 0.0002722326877974862], [0.0008889901945929588, 0.0026000164535690453, 0.0011587627673682232, -0.0023860475787004037, 0.003008215077837419, -0.00031763309973742963, 0.001301433551910145, -0.00017503836160223486], [0.00043662594026852006, 0.0011587627673682232, 0.0006822137659218876, -0.0004734681356329925, 0.0011868305568130707, -0.00010874273769776634, 0.00044700686068954005, -0.00038580631635049104], [0.0006131504053870842, -0.0023860475787004037, -0.0004734681356329925, 0.016329336154499045, -0.005941164896405175, 0.001102920446777524, -0.002274814709737935, -0.0009478818909216039], [-0.0018000114578290967, 0.003008215077837419, 0.0011868305568130707, -0.005941164896405175, 0.014385843413566654, -0.0012344456110028616, 0.0036149618063223807, -0.0002731647734524576], [-5.869751026022547e-05, -0.00031763309973742963, -0.00010874273769776634, 0.001102920446777524, -0.0012344456110028616, 0.0011574261646601998, 0.0005643460203242815, -0.0006693943571908413], [-0.0005523567221654397, 0.001301433551910145, 0.00044700686068954005, -0.002274814709737935, 0.0036149618063223807, 0.0005643460203242815, 0.0023659043994804937, -0.00019109612473559688], [0.0002722326877974862, -0.00017503836160223486, -0.00038580631635049104, -0.0009478818909216039, -0.0002731647734524576, -0.0006693943571908413, -0.00019109612473559688, 0.003061324887649157]], [[0.2848699599255263, 0.09442443599893904, -0.059553719141808355, 0.03010055403597178, -0.03464123811627004, -0.0002191496355546034, -0.008041636657812486, -0.001982966728735458], [0.09442443599893904, 0.03227379086070179, -0.019062941672621157, 0.010158163354602448, -0.013496754792322745, -3.4323637827867986e-05, -0.0019963825000977203, -2.0361859140549885e-05], [-0.059553719141808355, -0.019062941672621157, 0.013343426254789488, -0.006246937810942494, 0.005920834025471812, 0.0002828802540889781, 0.0019354603957133238, 0.000961549395614467], [0.03010055403597178, 0.010158163354602448, -0.006246937810942494, 0.00504874097114293, -0.005336909510016821, -0.0003020057148780477, -0.0009894360849026648, -0.0005947354997684299], [-0.03464123811627004, -0.013496754792322745, 0.005920834025471812, -0.005336909510016821, 0.01052224571055365, -0.0005678192447938445, -0.0008639345443703335, -0.0008307180941199863], [-0.0002191496355546034, -3.4323637827867986e-05, 0.0002828802540889781, -0.0003020057148780477, -0.0005678192447938445, 0.0021388575213072483, 0.0017030877419144932, 0.00010719838975093845], [-0.008041636657812486, -0.0019963825000977203, 0.0019354603957133238, -0.0009894360849026648, -0.0008639345443703335, 0.0017030877419144932, 0.0025808141238257594, 0.0006329532728578282], [-0.001982966728735458, -2.0361859140549885e-05, 0.000961549395614467, -0.0005947354997684299, -0.0008307180941199863, 0.00010719838975093845, 0.0006329532728578282, 0.003320727191244553]], [[0.04809209438895132, 0.005129902694134977, -0.0005055639495217626, 0.0004990447811291644, -0.00037460349756907366, -0.006760811449199112, -0.0029376918725088222, -0.0002735862453885016], [0.005129902694134977, 0.0015064178442247556, 0.0006808607527889279, 0.00014034662185736954, -0.0017582371939787085, -0.0011604426115414124, -0.0001013722985031296, -7.459657613151149e-05], [-0.0005055639495217626, 0.0006808607527889279, 0.0008051356798901956, 0.0002996016330237371, -0.00155983559972611, -0.00023077000724358666, 6.167579217174157e-05, 3.350581282932297e-05], [0.0004990447811291644, 0.00014034662185736954, 0.0002996016330237371, 0.0011002567450512089, -0.0007507503900473594, 0.0002696136331251407, -0.00022635960014797638, -0.0005562302478931038], [-0.00037460349756907366, -0.0017582371939787085, -0.00155983559972611, -0.0007507503900473594, 0.004008005011160665, 0.0006083900369390871, -0.0003028439345368709, 0.0006587925287365987], [-0.006760811449199112, -0.0011604426115414124, -0.00023077000724358666, 0.0002696136331251407, 0.0006083900369390871, 0.0030959936921320865, 0.0017047979706732864, -0.00040820661142519215], [-0.0029376918725088222, -0.0001013722985031296, 6.167579217174157e-05, -0.00022635960014797638, -0.0003028439345368709, 0.0017047979706732864, 0.0016217265902174198, -8.767909402690361e-05], [-0.0002735862453885016, -7.459657613151149e-05, 3.350581282932297e-05, -0.0005562302478931038, 0.0006587925287365987, -0.00040820661142519215, -8.767909402690361e-05, 0.0016894662735149888]], [[1.082255992090619, -0.05719358346394491, 0.04570219857168543, 0.020354360236797864, -0.024762679370053078, -0.09047889308633593, 0.06487577852360282, -0.012634686513568938], [-0.05719358346394491, 0.004165017019328043, -0.0023459699208028045, -0.001359756383688985, 0.0017809979234995141, 0.004409638030190263, -0.0033544959650613384, 0.0006245183554745231], [0.04570219857168543, -0.0023459699208028045, 0.006468098085493252, -0.001835235941720867, -0.0004171741920403573, -0.0023898004844728473, 0.0021328878666950443, -7.598553632473352e-05], [0.020354360236797864, -0.001359756383688985, -0.001835235941720867, 0.0031528350133612462, -0.001715909098672085, -0.0030287866114911467, 0.0016287330255189915, -0.0003039357962715886], [-0.024762679370053078, 0.0017809979234995141, -0.0004171741920403573, -0.001715909098672085, 0.0023287245163343575, 0.0020994204879346058, -0.0017625521832295586, -0.00022584372158200816], [-0.09047889308633593, 0.004409638030190263, -0.0023898004844728473, -0.0030287866114911467, 0.0020994204879346058, 0.009483621930012748, -0.0050643103164111055, 0.0010012869932790264], [0.06487577852360282, -0.0033544959650613384, 0.0021328878666950443, 0.0016287330255189915, -0.0017625521832295586, -0.0050643103164111055, 0.004461975717521736, -0.0008113222764998529], [-0.012634686513568938, 0.0006245183554745231, -7.598553632473352e-05, -0.0003039357962715886, -0.00022584372158200816, 0.0010012869932790264, -0.0008113222764998529, 0.0008691123968016718]], [[2.1253756065464517, 0.1463852635639506, -0.40696980412585676, 0.1128333219393425, 0.19699124474803092, -0.038526379636987504, 0.05302822612177486, -0.04753951395402432], [0.1463852635639506, 0.010457839117474338, -0.027590412269440152, 0.007874067418557772, 0.013574129908406134, -0.002256689644496709, 0.003851512644216161, -0.0038603163829897713], [-0.40696980412585676, -0.027590412269440152, 0.07861445991091665, -0.021453284908169987, -0.03774871935686197, 0.007702488121373396, -0.010091538247733973, 0.008284082531544093], [0.1128333219393425, 0.007874067418557772, -0.021453284908169987, 0.006552771874548186, 0.009840609925834723, -0.0017162956841157335, 0.0030012571653662188, -0.003063149871900301], [0.19699124474803092, 0.013574129908406134, -0.03774871935686197, 0.009840609925834723, 0.01980533266801343, -0.004320158374051459, 0.004034358459343066, -0.004832299029872747], [-0.038526379636987504, -0.002256689644496709, 0.007702488121373396, -0.0017162956841157335, -0.004320158374051459, 0.002653695270173091, 0.0006316139258392194, 2.8788679689550275e-06], [0.05302822612177486, 0.003851512644216161, -0.010091538247733973, 0.0030012571653662188, 0.004034358459343066, 0.0006316139258392194, 0.0028353661896406233, -0.0011445039700050572], [-0.04753951395402432, -0.0038603163829897713, 0.008284082531544093, -0.003063149871900301, -0.004832299029872747, 2.8788679689550275e-06, -0.0011445039700050572, 0.0047017951543399]]]}