{"mu_1": [3.5991338702131848, 3.599111792022255, 3.599370142939701, 3.5997325387776313, 3.5997325387776313, 3.5997325387776313, 3.5997325387776313, 3.5997468513392925, 3.5990883213020535, 3.59951761971011, 3.5998186977376325, 3.5997961158714684, 3.5997961158714684, 3.599687802199614, 3.599687802199614, 3.5998330263912264, 3.599748102516347, 3.599748102516347, 3.5997699584699205, 3.5997353485139145, 3.599758794102422, 3.599758794102422, 3.599758794102422, 3.599758794102422, 3.599758794102422, 3.599758794102422, 3.5996356981989455, 3.5999040514328424, 3.5999567039982465, 3.5999567039982465, 3.5999567039982465, 3.599880385537001, 3.599992742365047, 3.599992742365047, 3.599992742365047, 3.599992742365047, 3.599847961364076, 3.599847961364076, 3.599847961364076, 3.599847961364076, 3.599490078307366, 3.599490078307366, 3.599532591096453, 3.5996319785584334, 3.599611430339677, 3.5997420543492584, 3.5995951523149374, 3.5995951523149374, 3.5995951523149374, 3.5995951523149374, 3.594882008421037, 3.5946982850809386, 3.596734065091555, 3.5995399075389662, 3.5994605949209055, 3.5994967079796294, 3.5996082409055967, 3.5996082409055967, 3.599497250261094, 3.599887028635821, 3.599929217058198, 3.599929217058198, 3.599929217058198, 3.599929217058198, 3.599929217058198, 3.599929217058198, 3.599929217058198, 3.599929217058198, 3.599924245593272, 3.599924245593272, 3.599924245593272, 3.599924245593272, 3.599924245593272, 3.599924245593272, 3.599948282530604, 3.599948282530604, 3.599948282530604, 3.599948282530604, 3.599334597044683, 3.5994395152889265, 3.599847477333724, 3.599886959619439, 3.599910772262158, 3.599774979783001, 3.599631723798044, 3.599842558399976, 3.5997572226183316, 3.5997572226183316, 3.59967495874752, 3.5995615974127637, 3.5995615974127637, 3.599786793018439, 3.59988339958174, 3.5997711406600077, 3.5997711406600077, 3.599612181997829, 3.599688892600257, 3.5999004373589627, 3.5999004373589627, 3.5997252727732647, 3.5999989164803576, 3.599998971275327, 3.599998029267191, 3.5999945293873266, 3.599998245915604, 3.599998767654586, 3.5999980765228363, 3.5999986558043746, 3.5999977882513283, 3.599998820192187, 3.5999991259865487, 3.5999989412908624, 3.5999994816456047, 3.5999990318176347, 3.599999277681527, 3.5999987023823588, 3.599948686474315, 3.599935604659958, 3.599912645795904, 3.5998523918152863, 3.5998073603574876, 3.599862824972849, 3.5997994159847133, 3.5997745217797257, 3.5997458100236055, 3.5998522544054907, 3.5998824749006517, 3.5999154000061044, 3.599899609191423, 3.5998956629160697, 3.599966039924288, 3.599962593816965, 3.5999928162092423, 3.5999878762218924, 3.599975090052026, 3.599945332162155, 3.5999746449676344, 3.5999518307595353, 3.599952945000941, 3.599931722832938, 3.599877167661143, 3.599876095459156, 3.5998680375373016, 3.599842948086663, 3.5999484943323568, 3.5998249398818514, 3.5998841163127526, 3.5998663618358577, 3.5998473227926473, 3.5998789793463772, 3.5826037257199013, 3.582592494798104, 3.5825705901691305, 3.5825573991143838, 3.5826821065836727, 3.5827225906688587, 3.582763345309614, 3.582791344867972, 3.582761953637109, 3.587111969311905, 3.5871894560690376, 3.5872684938869632, 3.587198900468441, 3.5871793031715824, 3.587179163831031, 3.587139059614821, 3.5872093251199186, 3.5876700477758052, 3.588809466953146, 3.588933810051072, 3.591365700807847, 3.5927873150532337, 3.594838706130891, 3.596479521168107, 3.597638856160596, 3.5986750542996906, 3.5989032500127465, 3.598971757507458, 3.5993866096981764, 3.599476281683854, 3.5998037950282185, 3.5998082487342336, 3.599735042434416, 3.599654793931322, 3.599495238686582, 3.5994945445387327, 3.5996271179265396, 3.5998006031150385, 3.5999068045080818, 3.599995370941186, 3.5999262625018877, 3.5999676678387678, 3.599964253885488, 3.5999701020967154, 3.59995750396977, 3.5999344391605086, 3.5999539596600028, 3.599995562778587, 3.599995562778587, 3.599995562778587], "mu_2": [2.363347820427035, 2.363891497801235, 2.363978004934143, 2.3641169706851795, 2.3641169706851795, 2.3641169706851795, 2.3641169706851795, 2.3642636588743406, 2.3643764526260207, 2.364446103292734, 2.36452215948301, 2.3647511886365016, 2.3647511886365016, 2.364873598303206, 2.364873598303206, 2.3650284040651264, 2.3651878671445514, 2.3651878671445514, 2.3653080019410124, 2.365429882918992, 2.3655937583913857, 2.3655937583913857, 2.3655937583913857, 2.3655937583913857, 2.3655937583913857, 2.3655937583913857, 2.3657649211310305, 2.3659022510821472, 2.366024655834203, 2.366024655834203, 2.366024655834203, 2.3660905717038285, 2.3662479165322305, 2.3662479165322305, 2.3662479165322305, 2.3662479165322305, 2.366305021955752, 2.366305021955752, 2.366305021955752, 2.366305021955752, 2.36638961136527, 2.36638961136527, 2.366491698319896, 2.366580004820109, 2.3666974746437632, 2.366709239115336, 2.366777652928446, 2.366777652928446, 2.366777652928446, 2.366777652928446, 2.3065594624229426, 2.3064129388926613, 2.306428536419786, 2.306679077106598, 2.3066560798357423, 2.3067038881834008, 2.306732384984489, 2.306732384984489, 2.3067495251034793, 2.306716175386139, 2.306740695876088, 2.306740695876088, 2.306740695876088, 2.306740695876088, 2.306740695876088, 2.306740695876088, 2.306740695876088, 2.306740695876088, 2.306729145440525, 2.306729145440525, 2.306729145440525, 2.306729145440525, 2.306729145440525, 2.306729145440525, 2.3067146200416295, 2.3067146200416295, 2.3067146200416295, 2.3067146200416295, 2.306719175586183, 2.306701750152327, 2.306692674713625, 2.3067118824834854, 2.30670110557797, 2.3067078084539756, 2.306707975276674, 2.3066850071522644, 2.3067376398331865, 2.3067376398331865, 2.306741027295821, 2.3067484504223885, 2.3067484504223885, 2.3068444467819647, 2.306847469780718, 2.3068811950457833, 2.3068811950457833, 2.3069717418225304, 2.306968152028296, 2.3069828405454276, 2.3069828405454276, 2.306997824632076, 2.2836923239595475, 2.283692387008202, 2.2836924690112608, 2.283691644600401, 2.283691348726835, 2.283691338815203, 2.283691738263915, 2.2836918518046847, 2.2836919235823907, 2.2836923334068926, 2.283692422900827, 2.2836914752030517, 2.283691522478182, 2.2836915995241163, 2.283691595481428, 2.283691698134711, 2.2836965110395444, 2.283693327696976, 2.2836942433893084, 2.2836934938152225, 2.2836935864474044, 2.283698913762406, 2.2837058120064775, 2.28369848950048, 2.2836960313365986, 2.2836969762549413, 2.283698549403325, 2.2836983450226223, 2.2836991510098454, 2.283699563769931, 2.283700717614505, 2.2836995689696975, 2.2836982483982906, 2.2836980076976627, 2.2836969510348273, 2.283699351923096, 2.2837046283085463, 2.2837041302706447, 2.2837035530939125, 2.2837001725961072, 2.2837005603812344, 2.2837019364166133, 2.283706494014141, 2.2837052757165415, 2.2836928437707873, 2.2836924185632195, 2.2836898391982574, 2.283685130188522, 2.2836785187048223, 2.283679430582903, 2.447540477329836, 2.447810305126332, 2.4488877434876, 2.4490229215897803, 2.4499491761961036, 2.452036915799847, 2.4541218637529454, 2.455053176148258, 2.455309454057171, 2.739293968820151, 2.7398737756682117, 2.7404966747606783, 2.7409812236128026, 2.7410994843105563, 2.741250624467734, 2.7412998037962533, 2.741700159328703, 2.755277991953783, 2.828934060695155, 2.8387905130402227, 2.859120315079543, 2.859058906265088, 2.8619121709093105, 2.8658427331202523, 2.8687917029087298, 2.869469961484328, 2.869257214419322, 2.8688836561170215, 2.8700391288220053, 2.8697147888669474, 2.8698460229921907, 2.8699362459518722, 2.870012452815687, 2.8695304657575638, 2.8700023286588507, 2.8699698913012823, 2.8700297944959887, 2.870165366578892, 2.869964503979518, 2.868974102724033, 2.8685665052050004, 2.868422130171627, 2.868517748776356, 2.86840408656028, 2.8677071623593275, 2.8677762178687325, 2.8678093533048146, 2.8677457496998042, 2.8677457496998042, 2.8677457496998042], "mu_3": [1.3344500665384962, 1.3344418742016746, 1.3343923815778649, 1.3342795552736813, 1.3342795552736813, 1.3342795552736813, 1.3342795552736813, 1.334247290855102, 1.3343347068100238, 1.3343928585942741, 1.3344659705222643, 1.3344968294280726, 1.3344968294280726, 1.3344102776434836, 1.3344102776434836, 1.3341964361794505, 1.334019589827103, 1.334019589827103, 1.3341714866813397, 1.3341723889406272, 1.3339474311175068, 1.3339474311175068, 1.3339474311175068, 1.3339474311175068, 1.3339474311175068, 1.3339474311175068, 1.3339224138190267, 1.3339212391529767, 1.3339489522332126, 1.3339489522332126, 1.3339489522332126, 1.3339793552827448, 1.3338628657778642, 1.3338628657778642, 1.3338628657778642, 1.3338628657778642, 1.3337930428393927, 1.3337930428393927, 1.3337930428393927, 1.3337930428393927, 1.3338071737545696, 1.3338071737545696, 1.3338765656813028, 1.333914459153197, 1.3342020593421235, 1.3342284842009278, 1.3341938182379813, 1.3341938182379813, 1.3341938182379813, 1.3341938182379813, 1.3582669483642633, 1.3582813748221316, 1.358619865505754, 1.358123060695407, 1.3581137539727437, 1.3580670993812098, 1.3579777773639623, 1.3579777773639623, 1.3578927621168988, 1.358108786568638, 1.3581020835814668, 1.3581020835814668, 1.3581020835814668, 1.3581020835814668, 1.3581020835814668, 1.3581020835814668, 1.3581020835814668, 1.3581020835814668, 1.3582174068871509, 1.3582174068871509, 1.3582174068871509, 1.3582174068871509, 1.3582174068871509, 1.3582174068871509, 1.3581871602306654, 1.3581871602306654, 1.3581871602306654, 1.3581871602306654, 1.3582765670652568, 1.3580871244084833, 1.3580642523865813, 1.3578367936785514, 1.3579240827827446, 1.3579069051731085, 1.3579177022048952, 1.3578777955932098, 1.3579224129161434, 1.3579224129161434, 1.3579074830230697, 1.3581033412140608, 1.3581033412140608, 1.3585794478821815, 1.3585410958997557, 1.3586108142582167, 1.3586108142582167, 1.3586570472975616, 1.3586720980613232, 1.3586660030043176, 1.3586660030043176, 1.3586150460729816, 1.6877114042882346, 1.6877114016622312, 1.6877114415660037, 1.6877113521642784, 1.6877107511118064, 1.6877106162903943, 1.6877096482512608, 1.687709690642379, 1.6877098538942776, 1.6877100018928288, 1.687710044770322, 1.6877104975696195, 1.6877106388189853, 1.6877106484946676, 1.6877106615693234, 1.6877107949368386, 1.6877142982726037, 1.6877139954884854, 1.68771560871765, 1.6877152480691482, 1.6877121778938002, 1.68771265089243, 1.687718681807804, 1.6877177199665074, 1.6877163403484114, 1.6877158900700067, 1.6877129884432587, 1.6877134748807185, 1.687715792186277, 1.6877190855159436, 1.68772122881814, 1.6877211264943448, 1.6877235029617257, 1.6877234330479876, 1.6877240094187764, 1.687725268799083, 1.6877288201809968, 1.6877302498751268, 1.68772905783252, 1.6877324277052157, 1.6877293657058592, 1.6877320010255434, 1.687737067425021, 1.6877362073130775, 1.687738808443571, 1.6877371700056594, 1.6877389072989029, 1.6877399427631912, 1.6877421824366576, 1.6877423710872905, 1.4460728458978893, 1.446085358826915, 1.4460309429004863, 1.4460440876573921, 1.446050064628472, 1.4460372634492782, 1.4461224720085235, 1.4461964279673054, 1.4461737811848954, 1.4486075726200567, 1.4486377898708211, 1.4487065676567723, 1.4488097541144076, 1.4487832827919704, 1.4488218898420027, 1.4488275498868586, 1.448824749925006, 1.4490902532562027, 1.4492048781859983, 1.4491023379098364, 1.4500201677069644, 1.4503050335981926, 1.4519791050495374, 1.4539148743702788, 1.4563264146793724, 1.4575726292778144, 1.4581601793463108, 1.4583717703214947, 1.4593258404630884, 1.4593572715539496, 1.4590666500128138, 1.459051291472702, 1.4590726054310674, 1.4591088469745572, 1.4592029055136149, 1.459274173554976, 1.459358491172557, 1.4594594451603788, 1.4594834031625232, 1.4595492222283457, 1.459649982846414, 1.4596595824116432, 1.4596750749619731, 1.4596217406823204, 1.45952724338077, 1.4595308238224907, 1.460084554732251, 1.4600446867664436, 1.4600446867664436, 1.4600446867664436], "mu_4": [0.0009325938899740837, 0.0008285083167538663, 0.0007318725079908811, 0.0007489697686803656, 0.0007489697686803656, 0.0007489697686803656, 0.0007489697686803656, 0.0007559093158683387, 0.000739088405057688, 0.000784837896055732, 0.0008163443581395066, 0.0007927430716378143, 0.0007927430716378143, 0.0008483416416875773, 0.0008483416416875773, 0.0008968666435568005, 0.0008815858644252683, 0.0008815858644252683, 0.000927995059795266, 0.0009856457197741728, 0.0009154826000772276, 0.0009154826000772276, 0.0009154826000772276, 0.0009154826000772276, 0.0009154826000772276, 0.0009154826000772276, 0.0009113263578149619, 0.0009523960859160442, 0.0008661639453723815, 0.0008661639453723815, 0.0008661639453723815, 0.0007982603808424468, 0.0008120581656357423, 0.0008120581656357423, 0.0008120581656357423, 0.0008120581656357423, 0.0007776074863602995, 0.0007776074863602995, 0.0007776074863602995, 0.0007776074863602995, 0.000793380532918168, 0.000793380532918168, 0.0008075703528696662, 0.0008319950885518617, 0.0007931658379292739, 0.0008734073327292453, 0.0008717426049123714, 0.0008717426049123714, 0.0008717426049123714, 0.0008717426049123714, 0.000478774047640918, 0.00041170563887770107, 0.00027197227357734973, 0.00020946049321506923, 0.00022266085579468575, 0.0002406990948867926, 0.00026683033570950324, 0.00026683033570950324, 0.00025630770379354216, 0.0001917878795811416, 0.00018514063760954663, 0.00018514063760954663, 0.00018514063760954663, 0.00018514063760954663, 0.00018514063760954663, 0.00018514063760954663, 0.00018514063760954663, 0.00018514063760954663, 0.00016402789082470704, 0.00016402789082470704, 0.00016402789082470704, 0.00016402789082470704, 0.00016402789082470704, 0.00016402789082470704, 0.0001281171504489205, 0.0001281171504489205, 0.0001281171504489205, 0.0001281171504489205, 0.00015867595348852232, 0.00015399593514407853, 0.00016854918834608828, 0.00019952866881418104, 0.00021826398822914978, 0.0002243489752790868, 0.00018499011352447108, 0.00019295015083000167, 0.00016883626434339728, 0.00016883626434339728, 0.00019814851730783067, 0.0002893377143488035, 0.0002893377143488035, 0.00027507458908924406, 0.00024727772912118873, 0.0002664266878165695, 0.0002664266878165695, 0.00024115428444437692, 0.00022686054149184768, 0.00021006199406618253, 0.00021006199406618253, 0.0001910198912960184, -0.015951194241006425, -0.015951169679516604, -0.015951115727250137, -0.015951359386900982, -0.015953097166912455, -0.015953551131103683, -0.01595302493733897, -0.015952945508792837, -0.015953019869339082, -0.015953050736450407, -0.01595313594236397, -0.015953276650273622, -0.015953043140762995, -0.015952992595631047, -0.015952997619605405, -0.015952773383361565, -0.015948527723219075, -0.01595153209311137, -0.015950134480693375, -0.0159498090899317, -0.015955885512349204, -0.01595011763315313, -0.015953687837829713, -0.015958408124569973, -0.015962929355029774, -0.015964335217687142, -0.015963437724549376, -0.01596641350235353, -0.015975512581317287, -0.01596692163513114, -0.015962345082281188, -0.015962011780386937, -0.01596081378727781, -0.015960422992017168, -0.01595958136931362, -0.01596137318553839, -0.015958981132895414, -0.01595673704423958, -0.015958325369640692, -0.015948288700782846, -0.01594783799009535, -0.015949551422771987, -0.015950732599146356, -0.015951479823513966, -0.015952500492565393, -0.01594927850222554, -0.01595231682092891, -0.01595760545742432, -0.0159615291918723, -0.01596514490008416, -0.002558925865087139, -0.0025568043948878084, -0.002496710034803059, -0.002509426778709668, -0.0024911071739427957, -0.0022689523925523733, -0.0021885839565855226, -0.002277032638162972, -0.002288821073188966, -0.0013515577054405753, -0.0013472038575864191, -0.0013972978924166712, -0.0013756403776468487, -0.0013660030340060698, -0.0013696541228871823, -0.0013176391268768697, -0.001305146055320058, -0.00171884149709746, -0.002558054047694576, -0.002341784952037343, -0.002179298321691309, -0.0023199205316752304, -0.001643022917018041, -0.0024210544602523165, -0.003797712896380651, -0.003621092466473222, -0.0034367987080762713, -0.0033454887260625935, -0.0033465483328247404, -0.003206002409761341, -0.0035264686254214295, -0.0035582249069484487, -0.0036263718654330254, -0.003667534215178177, -0.0035978926175974663, -0.003854343809404951, -0.00395083306893999, -0.00381376586375315, -0.0037481402384984238, -0.0037393253321705735, -0.0037934149477630015, -0.003799741774668077, -0.003772122205918578, -0.003837530518490459, -0.004127166444197289, -0.004060724988303092, -0.004146808710214612, -0.004136918231894152, -0.004136918231894152, -0.004136918231894152], "pi": [[0.1664461233271432, 0.16616189529760977, 0.16535249438178515, 0.16661469175336885, 0.16709875714792743, 0.1683260380921655], [0.16645893631759853, 0.16614504343998696, 0.1653437784926208, 0.16662120702464522, 0.1671125533548884, 0.16831848137026015], [0.1664419656631695, 0.16614721161751012, 0.16534536638610728, 0.16662176786946326, 0.16711910678262015, 0.16832458168112965], [0.1664459526875488, 0.16614832186147038, 0.1653440414043888, 0.16661988320098006, 0.16711603639892028, 0.16832576444669153], [0.1664459526875488, 0.16614832186147038, 0.1653440414043888, 0.16661988320098006, 0.16711603639892028, 0.16832576444669153], [0.1664459526875488, 0.16614832186147038, 0.1653440414043888, 0.16661988320098006, 0.16711603639892028, 0.16832576444669153], [0.1664459526875488, 0.16614832186147038, 0.1653440414043888, 0.16661988320098006, 0.16711603639892028, 0.16832576444669153], [0.16643856764637, 0.16615600898677957, 0.16533532842081533, 0.1666293753918711, 0.1671176595881903, 0.1683230599659737], [0.16643756297059986, 0.16615319979016652, 0.1653282124521467, 0.1666430196417338, 0.16712218550814398, 0.16831581963720915], [0.1664376784052101, 0.16615191970038046, 0.1653251127557661, 0.1666420030930281, 0.16712526495618507, 0.16831802108943023], [0.16643651642358429, 0.16615005735398736, 0.16532077353311628, 0.16664788845428422, 0.16712579137128955, 0.16831897286373837], [0.1664319084941169, 0.1661488763684386, 0.16532342242332806, 0.16664620461434473, 0.16712812832804455, 0.16832145977172716], [0.1664319084941169, 0.1661488763684386, 0.16532342242332806, 0.16664620461434473, 0.16712812832804455, 0.16832145977172716], [0.16643172020735714, 0.16614812059011128, 0.16532684115177845, 0.16665391234721175, 0.16712524636618176, 0.16831415933735971], [0.16643172020735714, 0.16614812059011128, 0.16532684115177845, 0.16665391234721175, 0.16712524636618176, 0.16831415933735971], [0.16643675742851807, 0.16615519618914773, 0.16532154802607874, 0.16665375482277925, 0.1671175818063635, 0.1683151617271127], [0.16645219217472124, 0.1661526651007319, 0.16531023777991746, 0.16665214022727626, 0.16711758388935113, 0.16831518082800195], [0.16645219217472124, 0.1661526651007319, 0.16531023777991746, 0.16665214022727626, 0.16711758388935113, 0.16831518082800195], [0.16644487279992543, 0.16615108200819909, 0.1653175551271223, 0.16665978266892073, 0.16711726505557176, 0.16830944234026068], [0.16644928367454323, 0.16615496141844238, 0.16530553988760424, 0.16665770470611171, 0.1671223941284777, 0.16831011618482072], [0.16644581677844256, 0.16616244203944272, 0.16530656343380537, 0.16664801294000825, 0.16712085164133547, 0.16831631316696555], [0.16644581677844256, 0.16616244203944272, 0.16530656343380537, 0.16664801294000825, 0.16712085164133547, 0.16831631316696555], [0.16644581677844256, 0.16616244203944272, 0.16530656343380537, 0.16664801294000825, 0.16712085164133547, 0.16831631316696555], [0.16644581677844256, 0.16616244203944272, 0.16530656343380537, 0.16664801294000825, 0.16712085164133547, 0.16831631316696555], [0.16644581677844256, 0.16616244203944272, 0.16530656343380537, 0.16664801294000825, 0.16712085164133547, 0.16831631316696555], [0.16644581677844256, 0.16616244203944272, 0.16530656343380537, 0.16664801294000825, 0.16712085164133547, 0.16831631316696555], [0.16644863381327268, 0.1661637710348551, 0.16530140844627694, 0.16665130996593014, 0.16712179960917642, 0.1683130771304888], [0.16644883104613764, 0.16616717424374533, 0.16529846667517756, 0.16665530993022068, 0.16711810240950337, 0.16831211569521554], [0.1664431823638742, 0.16616827500021422, 0.16529784719176416, 0.16665951494606046, 0.16712473585487786, 0.1683064446432091], [0.1664431823638742, 0.16616827500021422, 0.16529784719176416, 0.16665951494606046, 0.16712473585487786, 0.1683064446432091], [0.1664431823638742, 0.16616827500021422, 0.16529784719176416, 0.16665951494606046, 0.16712473585487786, 0.1683064446432091], [0.1664475546703296, 0.16617481430778755, 0.1653075790766891, 0.1666489262023971, 0.1671168244235278, 0.16830430131926885], [0.16645010027059304, 0.16617912832059667, 0.16530135346092273, 0.1666514783565219, 0.16711840490868946, 0.16829953468267617], [0.16645010027059304, 0.16617912832059667, 0.16530135346092273, 0.1666514783565219, 0.16711840490868946, 0.16829953468267617], [0.16645010027059304, 0.16617912832059667, 0.16530135346092273, 0.1666514783565219, 0.16711840490868946, 0.16829953468267617], [0.16645010027059304, 0.16617912832059667, 0.16530135346092273, 0.1666514783565219, 0.16711840490868946, 0.16829953468267617], [0.16644665773866818, 0.16617976729655487, 0.16529798161325368, 0.16665326011320228, 0.16712168195203123, 0.16830065128628965], [0.16644665773866818, 0.16617976729655487, 0.16529798161325368, 0.16665326011320228, 0.16712168195203123, 0.16830065128628965], [0.16644665773866818, 0.16617976729655487, 0.16529798161325368, 0.16665326011320228, 0.16712168195203123, 0.16830065128628965], [0.16644665773866818, 0.16617976729655487, 0.16529798161325368, 0.16665326011320228, 0.16712168195203123, 0.16830065128628965], [0.1664419555386481, 0.166183516100082, 0.1653004885787716, 0.16665280149806402, 0.16712559336642355, 0.1682956449180106], [0.1664419555386481, 0.166183516100082, 0.1653004885787716, 0.16665280149806402, 0.16712559336642355, 0.1682956449180106], [0.1664434708734421, 0.1661838724648774, 0.1652921435410389, 0.1666581714448653, 0.16712754862277676, 0.16829479305299955], [0.16644227246978793, 0.16617742002777414, 0.165297286097713, 0.166651790739873, 0.16712833997183138, 0.16830289069302054], [0.16643713036881308, 0.1661819920658618, 0.16529555036901003, 0.16664119580021444, 0.16713499835997328, 0.16830913303612743], [0.1664257835316107, 0.16617936068769798, 0.16530341414457247, 0.16664949419999237, 0.16713534651777245, 0.16830660091835392], [0.16643096766127372, 0.16617422110378385, 0.16530172221861883, 0.16664910508023406, 0.1671325887852291, 0.1683113951508605], [0.16643096766127372, 0.16617422110378385, 0.16530172221861883, 0.16664910508023406, 0.1671325887852291, 0.1683113951508605], [0.16643096766127372, 0.16617422110378385, 0.16530172221861883, 0.16664910508023406, 0.1671325887852291, 0.1683113951508605], [0.16643096766127372, 0.16617422110378385, 0.16530172221861883, 0.16664910508023406, 0.1671325887852291, 0.1683113951508605], [0.16590072185219767, 0.16787404254802107, 0.16458542987083194, 0.16675836623421772, 0.16845477910053527, 0.16642666039419632], [0.16591167722431877, 0.1678707100397144, 0.16457617159729965, 0.16676220836535297, 0.1684504718511272, 0.16642876092218703], [0.1659097011309282, 0.16786393212745718, 0.16457714849894625, 0.1667683526804192, 0.16843253817689172, 0.16644832738535761], [0.16590858516689608, 0.1678732513601421, 0.164570524019653, 0.16676932304685668, 0.16843506251567986, 0.1664432538907723], [0.16590846122264916, 0.16787490346133851, 0.16457438979495884, 0.16675740639343478, 0.16844193372724262, 0.166442905400376], [0.16591059912108633, 0.16787419644905321, 0.16457276089378597, 0.1667617933835919, 0.16844010988607278, 0.16644054026640992], [0.16590722474297262, 0.16788499961658201, 0.16457328317003467, 0.16676262517278323, 0.16843849089042248, 0.16643337640720499], [0.16590722474297262, 0.16788499961658201, 0.16457328317003467, 0.16676262517278323, 0.16843849089042248, 0.16643337640720499], [0.16590459648344832, 0.16788888769677104, 0.164574733916465, 0.16675877204436224, 0.1684396952566798, 0.16643331460227356], [0.16590826846520484, 0.16789078304150729, 0.16457327491505502, 0.16675925302466724, 0.1684378060197819, 0.1664306145337837], [0.16590604510862828, 0.16789024948929196, 0.16457631388304542, 0.16676388432392453, 0.16843349323642384, 0.16643001395868598], [0.16590604510862828, 0.16789024948929196, 0.16457631388304542, 0.16676388432392453, 0.16843349323642384, 0.16643001395868598], [0.16590604510862828, 0.16789024948929196, 0.16457631388304542, 0.16676388432392453, 0.16843349323642384, 0.16643001395868598], [0.16590604510862828, 0.16789024948929196, 0.16457631388304542, 0.16676388432392453, 0.16843349323642384, 0.16643001395868598], [0.16590604510862828, 0.16789024948929196, 0.16457631388304542, 0.16676388432392453, 0.16843349323642384, 0.16643001395868598], [0.16590604510862828, 0.16789024948929196, 0.16457631388304542, 0.16676388432392453, 0.16843349323642384, 0.16643001395868598], [0.16590604510862828, 0.16789024948929196, 0.16457631388304542, 0.16676388432392453, 0.16843349323642384, 0.16643001395868598], [0.16590604510862828, 0.16789024948929196, 0.16457631388304542, 0.16676388432392453, 0.16843349323642384, 0.16643001395868598], [0.1659045324384032, 0.16789003544530706, 0.16457763682225635, 0.16676301857647896, 0.16843379605913003, 0.16643098065842446], [0.1659045324384032, 0.16789003544530706, 0.16457763682225635, 0.16676301857647896, 0.16843379605913003, 0.16643098065842446], [0.1659045324384032, 0.16789003544530706, 0.16457763682225635, 0.16676301857647896, 0.16843379605913003, 0.16643098065842446], [0.1659045324384032, 0.16789003544530706, 0.16457763682225635, 0.16676301857647896, 0.16843379605913003, 0.16643098065842446], [0.1659045324384032, 0.16789003544530706, 0.16457763682225635, 0.16676301857647896, 0.16843379605913003, 0.16643098065842446], [0.1659045324384032, 0.16789003544530706, 0.16457763682225635, 0.16676301857647896, 0.16843379605913003, 0.16643098065842446], [0.16590673994218896, 0.16789433673884074, 0.1645749669893381, 0.16675603397669475, 0.16843156682906915, 0.16643635552386835], [0.16590673994218896, 0.16789433673884074, 0.1645749669893381, 0.16675603397669475, 0.16843156682906915, 0.16643635552386835], [0.16590673994218896, 0.16789433673884074, 0.1645749669893381, 0.16675603397669475, 0.16843156682906915, 0.16643635552386835], [0.16590673994218896, 0.16789433673884074, 0.1645749669893381, 0.16675603397669475, 0.16843156682906915, 0.16643635552386835], [0.16590218257002756, 0.16789637876000862, 0.16458310308643553, 0.1667513546349642, 0.16843701691578375, 0.16642996403278035], [0.16590293450795002, 0.16790181174573732, 0.1645832554289032, 0.16674753027781586, 0.1684346918864543, 0.16642977615313928], [0.16590656368812415, 0.16790542276327852, 0.16458175808172826, 0.16674368748492457, 0.1684349183062628, 0.16642764967568166], [0.1659022378272125, 0.16790027359525328, 0.16458520267627647, 0.1667485996463569, 0.16843582787555839, 0.16642785837934243], [0.16589984354348675, 0.16790944303013422, 0.16459222911585936, 0.16674120127564673, 0.16843346348288474, 0.1664238195519882], [0.1658930489940566, 0.1679073940122464, 0.16459103740457307, 0.1667471583991263, 0.16843366303779544, 0.16642769815220215], [0.16588567041370847, 0.16791105393368835, 0.16459213360777583, 0.1667451443337498, 0.16843866756650724, 0.16642733014457037], [0.165883725551289, 0.16790813719311812, 0.16459071785839988, 0.16674512126710764, 0.16844097606737501, 0.16643132206271033], [0.16588503948419947, 0.16790502749532302, 0.1645897263269058, 0.16674398067081247, 0.16844597992686453, 0.16643024609589466], [0.16588503948419947, 0.16790502749532302, 0.1645897263269058, 0.16674398067081247, 0.16844597992686453, 0.16643024609589466], [0.165884498951437, 0.1679049700090509, 0.16458865319701865, 0.1667500959644395, 0.1684423202859304, 0.1664294615921236], [0.16588197301546334, 0.16789732899028312, 0.16458857989710843, 0.16676224888109528, 0.16844594152826287, 0.16642392768778702], [0.16588197301546334, 0.16789732899028312, 0.16458857989710843, 0.16676224888109528, 0.16844594152826287, 0.16642392768778702], [0.16586885703288548, 0.16790833756506443, 0.1645951687940322, 0.16676103770800482, 0.16845420479185536, 0.16641239410815767], [0.1658673865629808, 0.16791218245425193, 0.1645950577308646, 0.1667572081064207, 0.16845341607705822, 0.1664147490684238], [0.1658676707142114, 0.16791025222125971, 0.16459409339729636, 0.16675293663433852, 0.16846183222994854, 0.16641321480294552], [0.1658676707142114, 0.16791025222125971, 0.16459409339729636, 0.16675293663433852, 0.16846183222994854, 0.16641321480294552], [0.16586871475376422, 0.16789748229805887, 0.1645989764688016, 0.166780179515192, 0.16844447241861668, 0.1664101745455667], [0.16587019007380047, 0.16789880044891944, 0.16459827719017686, 0.16678149898614594, 0.16844413832518, 0.16640709497577746], [0.16587056318849736, 0.16789914807110173, 0.1645972121500349, 0.1667859408817038, 0.16844356027864907, 0.16640357543001308], [0.16587056318849736, 0.16789914807110173, 0.1645972121500349, 0.1667859408817038, 0.16844356027864907, 0.16640357543001308], [0.16586869652673292, 0.16789830359254693, 0.16459861494364553, 0.1667892933626242, 0.16844150292994148, 0.166403588644509], [0.15955577125497974, 0.16804243390988652, 0.16274906661256416, 0.17812107041327163, 0.1707133958192848, 0.16081826199001314], [0.1595558150050024, 0.16804243181543219, 0.16274904479951466, 0.17812106716683632, 0.17071342708118725, 0.16081821413202724], [0.15955581134834904, 0.16804242580675827, 0.1627490310675096, 0.17812107293148913, 0.17071342817795307, 0.1608182306679408], [0.1595557034907946, 0.16804242102919056, 0.16274906897332517, 0.17812114434144774, 0.17071342979446746, 0.16081823237077436], [0.15955556240642368, 0.16804239160369236, 0.16274916669402642, 0.17812123438253297, 0.1707133685979905, 0.1608182763153342], [0.15955557094817, 0.16804236715999352, 0.16274916378297033, 0.17812125180947383, 0.17071339042158, 0.16081825587781245], [0.15955548859401575, 0.1680421826953506, 0.16274937731334627, 0.17812094849284, 0.1707135117062946, 0.1608184911981527], [0.15955548723794524, 0.16804218009222513, 0.16274939479445266, 0.17812097929974116, 0.1707134714492953, 0.16081848712634042], [0.15955549262151417, 0.16804220099570574, 0.16274937797205546, 0.1781209806266647, 0.17071347208291837, 0.1608184757011416], [0.1595555216472545, 0.16804221436480637, 0.16274938987849633, 0.1781209883290944, 0.17071344601247773, 0.1608184397678707], [0.1595555256684059, 0.1680422206228837, 0.16274939026529403, 0.17812098398907925, 0.17071343802346917, 0.16081844143086804], [0.15955541256683, 0.16804238985911824, 0.16274925188149755, 0.17812089228645392, 0.1707136342858835, 0.16081841912021672], [0.1595554015551421, 0.16804243403284558, 0.16274927424699998, 0.17812088905328047, 0.17071361698717477, 0.16081838412455715], [0.15955542104863543, 0.16804243750618383, 0.16274927333739883, 0.17812087968169116, 0.17071361030524826, 0.16081837812084246], [0.1595554172715535, 0.1680424368313076, 0.16274927531925024, 0.17812087839557242, 0.170713610433463, 0.16081838174885327], [0.15955543308227224, 0.16804241332733746, 0.16274925200055892, 0.17812090337457598, 0.17071362618114228, 0.16081837203411298], [0.1595557653235614, 0.1680426637606993, 0.16274916373586334, 0.17812108712836855, 0.17071319978476102, 0.1608181202667464], [0.15955649788124338, 0.1680424530568919, 0.16274909050430816, 0.17812002837384683, 0.1707131880736304, 0.1608187421100793], [0.15955649979165715, 0.16804253849434306, 0.16274907280800216, 0.17812024289758271, 0.170713175783517, 0.16081847022489784], [0.1595570417353083, 0.16804258239161776, 0.16274923830790866, 0.17811989620449037, 0.17071308741509952, 0.16081815394557544], [0.15955749884482698, 0.1680422389121425, 0.16274913281737943, 0.1781195394110164, 0.17071340046655156, 0.16081818954808316], [0.15955723115336773, 0.1680430437243902, 0.16274841250058286, 0.17811894321109317, 0.17071360876135808, 0.16081876064920805], [0.15955690032163009, 0.1680423019233686, 0.1627500763871198, 0.17811835375463367, 0.17071334313391592, 0.16081902447933197], [0.1595558971959628, 0.16804101762006157, 0.16274926237826304, 0.1781188542338233, 0.17071418868764376, 0.16082077988424553], [0.15955567622865502, 0.16804120460505856, 0.16274932670082198, 0.1781191991921898, 0.1707140922842545, 0.16082050098902023], [0.15955529854014705, 0.1680395873406154, 0.16274923456378856, 0.17812126476712, 0.1707142689790065, 0.16082034580932253], [0.15955507924233922, 0.16803957669939898, 0.162749622661423, 0.1781212927931229, 0.17071424993915865, 0.16082017866455714], [0.1595542810770597, 0.16803919676361548, 0.16275013019952508, 0.17812243952442156, 0.17071453820814958, 0.16081941422722867], [0.15955513112678052, 0.16803960902487752, 0.16275020686472394, 0.17812139085982523, 0.1707149176918139, 0.1608187444319789], [0.15955543296423053, 0.16803897043160929, 0.1627508540103555, 0.17812219680050032, 0.17071433488777266, 0.16081821090553172], [0.15955496243982667, 0.16803943138535715, 0.16275133613833986, 0.17812312195550692, 0.17071405816914134, 0.16081708991182805], [0.15955507171423317, 0.16803931979817807, 0.1627513315613216, 0.17812313111953587, 0.17071396078731338, 0.16081718501941794], [0.1595549155971236, 0.16803921307362218, 0.16275143694865862, 0.1781232978602124, 0.1707135880067736, 0.16081754851360958], [0.15955492592837203, 0.16803918126100412, 0.16275143241513046, 0.17812330203793794, 0.1707135866228269, 0.16081757173472847], [0.15955492037026145, 0.16803928270031612, 0.16275136890435096, 0.17812308713238506, 0.17071378748314722, 0.16081755340953927], [0.15955514845363733, 0.16803958923091938, 0.16275062720215105, 0.1781233264684905, 0.1707138088277285, 0.16081749981707325], [0.1595551008633474, 0.1680401699402356, 0.16275042188457323, 0.17812299406314971, 0.17071382035144694, 0.16081749289724712], [0.1595548059468315, 0.16804039683154104, 0.16275037032603443, 0.17812309323145367, 0.1707136601917986, 0.16081767347234074], [0.15955469922496207, 0.168040592548022, 0.1627503428768133, 0.17812301975005082, 0.1707138008049165, 0.16081754479523525], [0.15955457159228262, 0.1680407221895643, 0.16275134072481917, 0.17812390208522821, 0.1707127055342873, 0.16081675787381833], [0.15955474075021198, 0.16804091554444495, 0.16275126286331473, 0.17812402981347847, 0.17071249234664293, 0.16081655868190708], [0.1595546899683724, 0.16804125598454825, 0.16275144806401193, 0.17812369579490758, 0.1707124108247863, 0.16081649936337347], [0.15955446191517914, 0.16804119016699545, 0.16275136007890897, 0.178124761181675, 0.17071178763767736, 0.16081643901956405], [0.15955442780326637, 0.1680414470433244, 0.16275106931550196, 0.17812485282161897, 0.17071171588402173, 0.1608164871322666], [0.15955430844771723, 0.16804048337482896, 0.16275201731123726, 0.17812539407889869, 0.17071084943575154, 0.16081694735156626], [0.15955398652368086, 0.16804006350219475, 0.16275140050312914, 0.17812524051345718, 0.17071216397702155, 0.16081714498051647], [0.15955420252082234, 0.16804033674135924, 0.16275136241295024, 0.17812486594706478, 0.17071194878666385, 0.16081728359113956], [0.15955344067507252, 0.1680403673569219, 0.1627508543986387, 0.17812600718952962, 0.17071206467644795, 0.16081726570338933], [0.15955320284433197, 0.16804066065608314, 0.162749957946614, 0.17812636876431073, 0.17071138099630273, 0.16081842879235753], [0.15955232621544496, 0.16804069583506692, 0.16274964775104647, 0.17812722829478536, 0.17071117532128352, 0.1608189265823727], [0.1675138494338203, 0.16539319226431676, 0.1666536648749795, 0.16414268943823704, 0.16830585112436502, 0.16799075286428133], [0.1675177156503858, 0.1653939106372126, 0.16665342817498888, 0.16414634536542821, 0.16830515196287932, 0.16798344820910538], [0.16753162305910918, 0.1653909037379691, 0.16664737793362314, 0.1641344021744852, 0.16830965943978002, 0.1679860336550333], [0.16753530607491826, 0.16539199935741558, 0.16664926205046107, 0.16413145593508488, 0.16830825641757258, 0.16798372016454755], [0.1675323542424566, 0.1653947494844406, 0.166647929126725, 0.1641202203571, 0.1683251904895474, 0.16797955629973035], [0.16753775579864802, 0.16539214708991493, 0.16664784114396644, 0.16411912109266336, 0.16832230256368946, 0.16798083231111777], [0.16753584945493272, 0.16540319893070735, 0.16663169069911424, 0.1641074649252647, 0.16833540062759417, 0.1679863953623869], [0.1675431210931546, 0.16538425250013544, 0.16663586839008818, 0.16411507103471126, 0.1683379942187504, 0.1679836927631601], [0.16754148595233898, 0.16538035422685463, 0.1666334294125159, 0.1641174734743169, 0.16833893758880125, 0.16798831934517233], [0.16760630659093617, 0.1653220975447252, 0.16659363784042808, 0.16443358631075083, 0.1680545558114728, 0.16798981590168707], [0.16760691823830062, 0.1653099273792059, 0.16659503781773255, 0.1644342327056065, 0.16806092400021375, 0.1679929598589406], [0.1676025841891549, 0.16531659555701028, 0.1665892536228778, 0.16443830951036775, 0.16806070591340444, 0.16799255120718487], [0.1676116469369533, 0.16530591763062802, 0.16659769425447715, 0.16443511681262168, 0.16805345973530322, 0.16799616463001665], [0.16761166774320646, 0.1653082734538784, 0.16659517428997983, 0.1644329244236993, 0.16805713128633085, 0.1679948288029051], [0.1676195464757449, 0.16530494523077363, 0.16659598161076886, 0.1644326533678449, 0.16805465320088894, 0.16799222011397882], [0.16761697386589863, 0.1653010534061906, 0.1665980352002698, 0.16443395995782947, 0.16805324782228515, 0.16799672974752639], [0.16761738315922212, 0.16529790473885614, 0.16659240585017562, 0.16443792401964819, 0.1680572923285415, 0.16799708990355644], [0.1676458622915289, 0.16532038584392741, 0.16658377396442364, 0.1644071950915151, 0.16806127489077674, 0.16798150791782815], [0.16767675949703734, 0.1654031694008755, 0.16652287073017494, 0.16442095912759322, 0.16802214288643835, 0.16795409835788067], [0.16771519906150462, 0.1654115416265306, 0.16651793832775227, 0.1644012358537563, 0.16800526833213908, 0.16794881679831702], [0.16765857984796131, 0.16540693984659813, 0.166459570896008, 0.16444424395022791, 0.16795397440119467, 0.16807669105801004], [0.16763424382259348, 0.1654282966260897, 0.1665127578394798, 0.16444120278758928, 0.16790116556748458, 0.1680823333567631], [0.16774926223384481, 0.16522903466234914, 0.16649018767318624, 0.164455371867201, 0.16802284563707606, 0.1680532979263428], [0.16783284171227786, 0.1653475787879226, 0.1663325223922975, 0.16448877349690222, 0.16806348312855507, 0.16793480048204473], [0.1676931517952763, 0.1652235305692849, 0.16645833017219705, 0.1645213697926293, 0.16828093747138378, 0.16782268019922858], [0.16784065009714622, 0.16511380832884764, 0.16642733452071576, 0.1646470108275835, 0.168175159850663, 0.16779603637504376], [0.1678115376929519, 0.1651910191490307, 0.16639324307609366, 0.16462958373489764, 0.1681747085274074, 0.16779990781961873], [0.16780815696396403, 0.16516435637051108, 0.16636049748777107, 0.1646328547383778, 0.1682386534341066, 0.16779548100526948], [0.16776606253299228, 0.1651767489191366, 0.166366694617354, 0.16466058076967355, 0.16821889681357416, 0.16781101634726941], [0.16777536111999916, 0.16520992071144147, 0.1663537571947037, 0.1646800551936493, 0.16823116992010417, 0.16774973586010228], [0.1677243983837456, 0.16523926194593241, 0.166372508595096, 0.16470668017007747, 0.16822368261181253, 0.16773346829333607], [0.16772124711333167, 0.1652413611650432, 0.16636417229881706, 0.16470502737963047, 0.16823055168138312, 0.1677376403617945], [0.16772249737581488, 0.16523843920384076, 0.16636278976858082, 0.16470346264813246, 0.16822546460781646, 0.16774734639581457], [0.1677238997869169, 0.165259513196528, 0.16636122246976845, 0.16471116377599884, 0.16820942355045443, 0.1677347772203333], [0.1677176139993956, 0.1652860152971272, 0.1663354624584778, 0.16469922069653775, 0.16823102670504073, 0.16773066084342084], [0.16775098199770877, 0.16529216110018657, 0.16633272715627248, 0.16467192235429845, 0.16822893179589007, 0.16772327559564362], [0.16774575896030625, 0.16529217581543212, 0.16633334954832582, 0.1646776700