{"weights": [0.17222122950524524, 0.16657030930015826, 0.30008931481578, 0.12778673071055763, 0.1555510968643503, 0.07778131880390858], "means": [[6.852103167220808, -0.6535951767458951, 0.29128702798577016, -0.03714358078103068, -0.0016505484425937695, 0.008086692345906808, -0.00887709553987681, 0.0017631315453050778], [-4.115131584321111, -0.5195796984620951, 0.17419422758328912, 0.2227644905360674, 0.0424204932836515, 0.0005248724352387649, 0.007842825327187358, 0.008827452998416856], [-3.242594000103213, -0.2072522834384927, -0.08645831733094834, -0.14015077859989683, -0.04464219907390589, -0.006979381724853593, -0.00227062983164005, -0.008719513644134496], [0.690903671449064, 0.5551516024833401, -0.56814048334023, -0.038490146370797354, 0.06463580932030204, 0.005459815834301243, -0.004630608313255808, 0.01516008513708653], [2.8731820316988763, 0.5029057474297364, -0.4096323919490869, 0.11084737431081142, -0.012250051522096402, -0.0010139249074293318, 0.013971393125413508, -0.006667411035952849], [-0.7298155705332372, 1.441672171545438, 1.068166557848562, -0.012537541439104025, 0.0033532719966902712, 0.0009556887721945808, -0.008712902019367424, -0.0007397920446039505]], "cov": [[[0.005320696846290313, 0.00030607147481337546, 0.000964451190153005, -0.00042938429362084356, -9.327383354656253e-05, -7.20217548713876e-05, 4.2578141946501046e-05, -0.00010613765638529315], [0.00030607147481337546, 0.008260269571721513, 0.006192160149987289, -0.0038266472790893145, 0.0003085513539717398, -0.001961907647681765, 0.0037224072272785524, -0.00022088139453370776], [0.000964451190153005, 0.006192160149987289, 0.005659734669820311, -0.0031950530801457848, 0.0002049841416767552, -0.0012618412885299852, 0.002655058107476035, -0.0003103262426975408], [-0.00042938429362084356, -0.0038266472790893145, -0.0031950530801457848, 0.0019525584632467243, -0.00022715083899208107, 0.0008731584909886565, -0.0016358476411120148, 0.00012059459394788852], [-9.327383354656253e-05, 0.0003085513539717398, 0.0002049841416767552, -0.00022715083899208107, 0.0001703207713503252, -0.00013600772622982704, 4.907718700665003e-05, 2.8909130569019434e-07], [-7.20217548713876e-05, -0.001961907647681765, -0.0012618412885299852, 0.0008731584909886565, -0.00013600772622982704, 0.0008123822902666917, -0.0007484181147677828, -5.4556231574373735e-05], [4.2578141946501046e-05, 0.0037224072272785524, 0.002655058107476035, -0.0016358476411120148, 4.907718700665003e-05, -0.0007484181147677828, 0.0018209587111858898, -9.788763808399965e-05], [-0.00010613765638529315, -0.00022088139453370776, -0.0003103262426975408, 0.00012059459394788852, 2.8909130569019434e-07, -5.4556231574373735e-05, -9.788763808399965e-05, 0.0001769492896402716]], [[0.007287352588294426, 0.0008892281790014127, 0.0004366396304335606, 0.0006121693445012098, -0.0017985627544602274, -5.8371409489048315e-05, -0.0005516445423695266, 0.0002732971248383344], [0.0008892281790014127, 0.0026011717482454563, 0.0011589626242712867, -0.0023910851082823725, 0.003011251878246734, -0.0003181106478906823, 0.0013023160606815624, -0.00017527601713971527], [0.0004366396304335606, 0.0011589626242712867, 0.000681956359197964, -0.00047824816026545625, 0.0011890858932220732, -0.00010915010109917544, 0.000447408531761841, -0.00038617820267217406], [0.0006121693445012098, -0.0023910851082823725, -0.00047824816026545625, 0.01630854837923713, -0.005936417376155704, 0.0011007769392962026, -0.0022763949470272753, -0.0009503530069816533], [-0.0017985627544602274, 0.003011251878246734, 0.0011890858932220732, -0.005936417376155704, 0.014385879123169548, -0.0012358891742721406, 0.0036140580887404957, -0.00027579863431870813], [-5.8371409489048315e-05, -0.0003181106478906823, -0.00010915010109917544, 0.0011007769392962026, -0.0012358891742721406, 0.0011575551182438938, 0.0005639664017120791, -0.0006706411823455092], [-0.0005516445423695266, 0.0013023160606815624, 0.000447408531761841, -0.0022763949470272753, 0.0036140580887404957, 0.0005639664017120791, 0.0023658064147005207, -0.00019267343472364624], [0.0002732971248383344, -0.00017527601713971527, -0.00038617820267217406, -0.0009503530069816533, -0.00027579863431870813, -0.0006706411823455092, -0.00019267343472364624, 0.003061735461372466]], [[0.28340826536595815, 0.09398248732642853, -0.059262239550690515, 0.02981167936455969, -0.03452577431429017, -0.00020229921422345887, -0.007943134053251491, -0.0019484073182357733], [0.09398248732642853, 0.03214005141206467, -0.01897627448639018, 0.010062920541759649, -0.013459790435751783, -2.9180666237323226e-05, -0.0019658756501873867, -9.802043400033364e-06], [-0.059262239550690515, -0.01897627448639018, 0.013289004347931689, -0.006165605604317899, 0.005894845718812224, 0.0002792128991421532, 0.0019127372974107708, 0.0009534406989954001], [0.02981167936455969, 0.010062920541759649, -0.006165605604317899, 0.005126742207500266, -0.0053326656329198046, -0.0002997206897234109, -0.0009865824448252857, -0.0005934341967881327], [-0.03452577431429017, -0.013459790435751783, 0.005894845718812224, -0.0053326656329198046, 0.010513284644563855, -0.0005687397267405506, -0.0008686023470258767, -0.000832224040821478], [-0.00020229921422345887, -2.9180666237323226e-05, 0.0002792128991421532, -0.0002997206897234109, -0.0005687397267405506, 0.0021379266389849488, 0.0017014756920807176, 0.00010679383172252205], [-0.007943134053251491, -0.0019658756501873867, 0.0019127372974107708, -0.0009865824448252857, -0.0008686023470258767, 0.0017014756920807176, 0.0025753159998473225, 0.0006310716913298236], [-0.0019484073182357733, -9.802043400033364e-06, 0.0009534406989954001, -0.0005934341967881327, -0.000832224040821478, 0.00010679383172252205, 0.0006310716913298236, 0.0033189867247177952]], [[0.04809173012901575, 0.005130323822062457, -0.0005056218482346462, 0.0004987566783098239, -0.0003752224098331148, -0.006761965798685496, -0.0029381962460607136, -0.00027301524437985564], [0.005130323822062457, 0.0015064452170239565, 0.0006808068773362713, 0.00014039508421524502, -0.0017581234471265924, -0.0011602731201146772, -0.00010130380943174407, -7.467537423204321e-05], [-0.0005056218482346462, 0.0006808068773362713, 0.0008050972283709504, 0.00029966319245171194, -0.0015596804397511764, -0.00023049524726211852, 6.178375233324773e-05, 3.337893832597978e-05], [0.0004987566783098239, 0.00014039508421524502, 0.00029966319245171194, 0.0011001607998811075, -0.0007509849596073359, 0.00026922198250200157, -0.00022651838161455014, -0.0005560468900026985], [-0.0003752224098331148, -0.0017581234471265924, -0.0015596804397511764, -0.0007509849596073359, 0.004007436698408673, 0.0006074315541361245, -0.00030322967714568915, 0.0006592416163491657], [-0.006761965798685496, -0.0011602731201146772, -0.00023049524726211852, 0.00026922198250200157, 0.0006074315541361245, 0.0030943981204808956, 0.0017041574343524704, -0.0004074602357146378], [-0.0029381962460607136, -0.00010130380943174407, 6.178375233324773e-05, -0.00022651838161455014, -0.00030322967714568915, 0.0017041574343524704, 0.0016214688208296205, -8.737818118238334e-05], [-0.00027301524437985564, -7.467537423204321e-05, 3.337893832597978e-05, -0.0005560468900026985, 0.0006592416163491657, -0.0004074602357146378, -8.737818118238334e-05, 0.0016891183884065386]], [[1.0821494043678157, -0.05718204451233394, 0.045699111887812276, 0.02036340314746512, -0.02476202621378062, -0.09048426446922979, 0.06486679117781453, -0.012628799913323349], [-0.05718204451233394, 0.00416380480285122, -0.0023456062784467185, -0.0013606617627585614, 0.0017808983356043019, 0.0044102003302554675, -0.0033535607577317595, 0.0006239007873906161], [0.045699111887812276, -0.0023456062784467185, 0.006468020107428514, -0.0018349126927955314, -0.000417176763728862, -0.0023899802104482754, 0.0021326015515522644, -7.579989057746117e-05], [0.02036340314746512, -0.0013606617627585614, -0.0018349126927955314, 0.0031522031590286302, -0.0017160112354188074, -0.0030283631417696343, 0.0016294243842322146, -0.00030439916240726235], [-0.02476202621378062, 0.0017808983356043019, -0.000417176763728862, -0.0017160112354188074, 0.0023287363819079017, 0.0020994724353945995, -0.0017624716776033663, -0.00022589333512062232], [-0.09048426446922979, 0.0044102003302554675, -0.0023899802104482754, -0.0030283631417696343, 0.0020994724353945995, 0.009483336644979752, -0.005064739335553002, 0.0010015768135403715], [0.06486679117781453, -0.0033535607577317595, 0.0021326015515522644, 0.0016294243842322146, -0.0017624716776033663, -0.005064739335553002, 0.0044612511718529115, -0.0008108454204048702], [-0.012628799913323349, 0.0006239007873906161, -7.579989057746117e-05, -0.00030439916240726235, -0.00022589333512062232, 0.0010015768135403715, -0.0008108454204048702, 0.0008687952966553729]], [[0.27293501192698894, 0.017611793715310034, -0.05265539943924549, 0.014044194889321071, 0.02725848282868798, -0.011922462018628925, 0.000845049409609401, -0.004606527873029148], [0.017611793715310034, 0.0015063174521014922, -0.0029599822333773855, 0.0010067191601405812, 0.001775137128585925, -0.00040730370579543406, 0.00022397606500212683, -0.0008758178152465405], [-0.05265539943924549, -0.0029599822333773855, 0.010845124166416953, -0.0025579815094749713, -0.005284089088411446, 0.0026139839940878423, -0.00011051401946833689, 7.233140774746938e-05], [0.014044194889321071, 0.0010067191601405812, -0.0025579815094749713, 0.0012844345397609713, 0.0007889126830990587, -0.00029753089119518883, 0.00021837247909557158, -0.0007735707234416325], [0.02725848282868798, 0.001775137128585925, -0.005284089088411446, 0.0007889126830990587, 0.0042533287952376386, -0.00188253291895081, -0.0007470043299391113, -0.0008985014684562922], [-0.011922462018628925, -0.00040730370579543406, 0.0026139839940878423, -0.00029753089119518883, -0.00188253291895081, 0.0022716215406423344, 0.001381044978808632, -0.000613705229015694], [0.000845049409609401, 0.00022397606500212683, -0.00011051401946833689, 0.00021837247909557158, -0.0007470043299391113, 0.001381044978808632, 0.0013653682243246412, 6.491617902585543e-05], [-0.004606527873029148, -0.0008758178152465405, 7.233140774746938e-05, -0.0007735707234416325, -0.0008985014684562922, -0.000613705229015694, 6.491617902585543e-05, 0.0037067615134574244]]]}