{"weights": [0.1284782170372066, 0.20347393222365923, 0.29676027789238507, 0.12650019491295983, 0.11884500480106899, 0.12594237313272028], "means": [[3.76686140765195, 0.4558981742441575, -0.37699175397957757, 0.13096195664896046, -0.02874982918046656, -0.0780389455753975, 0.06732885416440858, -0.022803761951127505], [1.1310648517631738, 0.5580017260539332, -0.519256238235126, 0.008198593132659743, 0.0429801896127405, 0.041175997132331055, -0.024887353409388618, 0.01272306252598302], [-3.936921521600519, -0.4513707374800062, 0.10083289623021723, 0.03868040463009388, 0.027326102182177982, -0.0025517665239125466, 0.00879648656331809, 0.0020894115822663196], [-2.706166540771649, -0.031284083152750185, -0.19968069565218724, -0.08879069060101613, -0.1026510589763096, -0.005298259892542509, -0.02139098941280145, -0.01332948487566355], [-0.9178097501586363, 1.4311168583281548, 1.108795131791024, -0.01877664514899126, -0.016855487795020916, 0.005426829237286125, -0.014701132208538317, -0.004976468777163555], [6.852170196039283, -0.6539069065515221, 0.2903244101984535, -0.03690641253497134, -0.001487283716532007, 0.007573236210249909, -0.009175394781445368, 0.001981698912433914]], "cov": [[[0.17986347655186646, -0.020656477086799033, 0.03257957201869349, -0.00907075487642625, -0.006280212769486157, 0.00047841979413494346, 0.00998788847503715, 0.0005074547578111957], [-0.020656477086799033, 0.003660164614123742, -0.0015010049672262698, -0.0007109640994814791, 0.0016679545990375398, 0.0002721696436055357, -0.0014103229274359597, -0.00021439954186093022], [0.03257957201869349, -0.0015010049672262698, 0.01051611882879749, -0.004931038651518649, -0.00015351335855289972, 0.0009106302155088388, 0.0009710397678108503, 0.00011417453336184286], [-0.00907075487642625, -0.0007109640994814792, -0.004931038651518649, 0.003899430938885256, -0.0018118686283807742, -0.0007153829357924516, 0.00020773666764876665, 0.0007060115584016635], [-0.006280212769486157, 0.0016679545990375398, -0.00015351335855289975, -0.0018118686283807742, 0.003983970940643475, -0.00013425739366168846, -0.0006213202894885933, -0.001650969449230554], [0.00047841979413494346, 0.0002721696436055357, 0.0009106302155088388, -0.0007153829357924516, -0.00013425739366168844, 0.0009918928725602249, 0.0001632390372952637, -0.0003498390593987444], [0.009987888475037152, -0.00141032292743596, 0.0009710397678108505, 0.00020773666764876655, -0.0006213202894885933, 0.0001632390372952637, 0.0010881557576508823, -1.3570680222408328e-05], [0.0005074547578111957, -0.00021439954186093017, 0.00011417453336184283, 0.0007060115584016635, -0.001650969449230554, -0.00034983905939874434, -1.3570680222408362e-05, 0.001276384790066291]], [[0.2799310369728552, 0.0032069536412517702, 0.02575768662277499, 0.02550840907863772, -0.01174727781061303, 0.018476175557468368, -0.009325160622057162, -0.0023146530065557883], [0.0032069536412517707, 0.0012170455363351594, 0.0007481696410923363, 5.3364090734163604e-05, -0.0012359942185728033, -0.0008521251674217761, -6.270837246807251e-05, 5.009158062020659e-05], [0.025757686622774993, 0.0007481696410923363, 0.004537997580924517, 0.0028545016570487984, -0.002095424873602932, 0.002712636770838156, -0.0015148857920110957, 8.820934603170285e-05], [0.02550840907863772, 5.336409073416352e-05, 0.002854501657048798, 0.004650645308998132, -0.002360445244926197, 0.0026024746389952044, -0.0012725012475455785, -0.0007458526005931183], [-0.01174727781061303, -0.0012359942185728033, -0.002095424873602932, -0.002360445244926197, 0.003906404178362277, -0.000611142020182272, 8.260354182327216e-05, 0.0005600069056806565], [0.018476175557468368, -0.0008521251674217761, 0.002712636770838156, 0.002602474638995204, -0.0006111420201822722, 0.00476633327578229, 0.000283616846683244, -0.00042908985095267075], [-0.009325160622057163, -6.270837246807258e-05, -0.0015148857920110957, -0.0012725012475455785, 8.260354182327209e-05, 0.00028361684668324396, 0.002309369085957216, -9.40015915839219e-05], [-0.0023146530065557887, 5.009158062020658e-05, 8.8209346031703e-05, -0.0007458526005931183, 0.0005600069056806565, -0.0004290898509526708, -9.40015915839219e-05, 0.0014547191290747638]], [[0.05298845055809138, 0.021941801294729696, -0.01905119517805793, -0.04746675207549879, -0.00865130573878741, -0.001511840653435941, 0.0005131571555872829, 0.0005089651837394655], [0.0219418012947297, 0.010882867867270331, -0.006667089508979129, -0.019985674954552637, -0.002924504227431545, -0.0009592754103692901, 0.001319351712136906, 0.00042321881067767847], [-0.01905119517805793, -0.006667089508979129, 0.00834400172189577, 0.01962606426467431, 0.0017258092845639588, 0.0004703249578563406, 0.00022472596765582133, 0.00033775888878669893], [-0.047466752075498796, -0.019985674954552637, 0.01962606426467431, 0.06264524158274634, -0.0012475971622529622, 0.0016343579062391346, -0.0019707553117338955, 0.001278359492163664], [-0.00865130573878741, -0.0029245042274315446, 0.0017258092845639588, -0.0012475971622529622, 0.014421334279349062, -0.0004193241096293572, 0.0012248349490710873, -0.001516209445255977], [-0.001511840653435941, -0.0009592754103692901, 0.0004703249578563407, 0.0016343579062391349, -0.00041932410962935713, 0.0019628027263205432, 0.001137679273054548, -0.00032358432681723763], [0.0005131571555872832, 0.001319351712136906, 0.00022472596765582114, -0.0019707553117338955, 0.0012248349490710875, 0.001137679273054548, 0.0022455942348057157, 0.0002642189045224124], [0.0005089651837394655, 0.00042321881067767836, 0.0003377588887866987, 0.0012783594921636637, -0.001516209445255977, -0.0003235843268172376, 0.0002642189045224124, 0.0036678053988627754]], [[0.030704909213579573, 0.009601481288137153, -0.00629993555466594, 0.004379550909102454, -0.0026494779243721894, -0.0019538074397107068, -0.0012466443903729255, -0.003377893290752284], [0.009601481288137153, 0.0033500999303095833, -0.001662956788678971, 0.0012247149956338007, -0.001424133037257976, -0.00017597633267046764, 0.00017335019700821057, -0.0009489253695630724], [-0.00629993555466594, -0.001662956788678971, 0.002387828752384499, -0.0014288832963171348, 0.0003430843160077296, 0.0009278021554729725, 2.371405576609922e-05, 0.0010527603139854943], [0.004379550909102454, 0.0012247149956338007, -0.0014288832963171348, 0.0014045454566012842, -0.0007609890947017477, -0.00045721596281923484, -6.407044039813173e-05, -0.001255092130214029], [-0.00264947792437219, -0.0014241330372579762, 0.0003430843160077296, -0.0007609890947017479, 0.002739851710372227, -0.0012666790252077067, -0.0019005006506933894, 0.0009526111221549244], [-0.0019538074397107063, -0.00017597633267046753, 0.0009278021554729724, -0.00045721596281923484, -0.0012666790252077067, 0.0017620352579535282, 0.0017492274912672742, 0.0002116720186796496], [-0.0012466443903729257, 0.00017335019700821057, 2.3714055766099214e-05, -6.407044039813173e-05, -0.0019005006506933894, 0.0017492274912672744, 0.0028479295315359046, 0.00029083612403436534], [-0.003377893290752284, -0.0009489253695630722, 0.001052760313985494, -0.001255092130214029, 0.0009526111221549244, 0.0002116720186796496, 0.0002908361240343654, 0.00296079704648521]], [[0.26575550276087606, 0.017561986576015848, -0.05099770541273336, 0.013715088283379343, 0.02660542845271083, -0.011590795458342264, 0.0008740917183184033, -0.004487154604517632], [0.017561986576015844, 0.0015027160957125265, -0.0028517138502145924, 0.0010245925166616817, 0.001719691158365565, -0.000277347152862403, 0.000271341330619711, -0.0010280640187509355], [-0.050997705412733345, -0.002851713850214593, 0.010709910469126161, -0.0024627065770012205, -0.005148841942386496, 0.002632239149734887, -0.00013124385241318557, -0.00018189368788947572], [0.01371508828337934, 0.0010245925166616817, -0.0024627065770012205, 0.001418914061776665, 0.0005790881211434394, -0.00013119768304920546, 0.0003296092180939162, -0.0008977685953328758], [0.02660542845271083, 0.0017196911583655654, -0.0051488419423864965, 0.0005790881211434395, 0.004762909269799799, -0.0022313099082698087, -0.001197253979805378, -0.0011807124776498598], [-0.011590795458342263, -0.000277347152862403, 0.002632239149734887, -0.00013119768304920552, -0.0022313099082698087, 0.002891659735886226, 0.001945250487986889, -0.0007439745296419269], [0.0008740917183184033, 0.000271341330619711, -0.00013124385241318557, 0.0003296092180939162, -0.001197253979805378, 0.0019452504879868891, 0.0019488895964141298, 0.0002360950565070685], [-0.004487154604517631, -0.0010280640187509355, -0.00018189368788947577, -0.000897768595332876, -0.0011807124776498598, -0.0007439745296419269, 0.00023609505650706833, 0.00495228375048895]], [[0.0005930351994286987, 0.00036177684269560466, 0.0009650460610890521, -0.0003355394528566519, -7.647185488338666e-05, -7.646426690535476e-05, 4.0923742426385785e-05, -0.00011000571237100862], [0.00036177684269560466, 0.008559478514773993, 0.006394755557019568, -0.003958573419103572, 0.00031944411192249173, -0.0020372775596814666, 0.0038603952950374736, -0.0002275936709639163], [0.0009650460610890521, 0.006394755557019568, 0.005881844608287699, -0.0033096927234078505, 0.00021026435632586106, -0.0012941027542302211, 0.002737283046289232, -0.00032504924813332844], [-0.00033553945285665196, -0.003958573419103571, -0.00330969272340785, 0.0020230656469857064, -0.00024080628527533754, 0.0009044777609905101, -0.001688071763169846, 0.00012260362636333936], [-7.647185488338666e-05, 0.0003194441119224918, 0.00021026435632586106, -0.0002408062852753376, 0.00018584642686730865, -0.00014746681641064638, 4.395965862435467e-05, 7.233767241996499e-07], [-7.646426690535478e-05, -0.0020372775596814666, -0.0012941027542302211, 0.0009044777609905102, -0.0001474668164106464, 0.0008710987562880157, -0.0007655447858983673, -6.396745094810101e-05], [4.0923742426385826e-05, 0.003860395295037474, 0.0027372830462892325, -0.0016880717631698465, 4.3959658624354684e-05, -0.0007655447858983673, 0.0019009717872097776, -0.00010092702889814731], [-0.00011000571237100865, -0.00022759367096391626, -0.0003250492481333285, 0.0001226036263633394, 7.23376724199659e-07, -6.396745094810102e-05, -0.00010092702889814728, 0.00020011965686220605]]]}