{"weights": [0.1722213195419537, 0.16662974146482776, 0.3000299519036264, 0.12778685372421325, 0.1555508259169665, 0.07778130744841234], "means": [[-6.852097109716817, -0.6535950781183513, -0.29128698132885816, 0.03714338023842819, -0.0016505297096028352, -0.008086676215234519, 0.008877100527657425, -0.0017631262245075318, 0.002316421424377072, 0.0010506474948025783], [4.115119706833429, -0.5195726821344656, -0.17420321100995123, -0.22281762160427798, 0.04237857983535326, -0.0005236299532282313, -0.007829794927727219, -0.008818198072929578, 0.0010301981119686548, -0.0065741044928760844], [3.2424252392480333, -0.20719384976939342, 0.08651526514884124, 0.14025226021196283, -0.044636129055546245, 0.006980165710157706, 0.002265397996419449, 0.008717833979076776, -0.0004350687883467627, 0.003707983080917385], [-0.6909045334238644, 0.5551516515842472, 0.5681404985407444, 0.03849010871217366, 0.06463586059923965, -0.005459828649756559, 0.0046306069169404634, -0.0151600802552826, 0.006439098048319266, 0.008984652387184974], [-2.8731853896372663, 0.5029056542190058, 0.40963210067596467, -0.11084759648447717, -0.012250237151926439, 0.0010139541015258475, -0.013971440759815504, 0.006667454912983158, -0.008221271153381782, -0.012058107729735701], [0.7298162401575935, 1.4416723013238422, -1.0681667309068705, 0.01253755128678087, 0.003353267103657618, -0.000955698553021902, 0.008712915338700772, 0.0007397859713768364, 0.00020478321036498015, 0.006807800254560476]], "cov": [[[0.005386875127708391, -0.00030502340100204095, 0.0009649705684305418, -0.00043158325311490396, 9.348391612338619e-05, -7.185396147525967e-05, 4.264964763310583e-05, -0.00010607191980163477, 4.8879875787168634e-05, 0.00040880967592209097], [-0.00030502340100204095, 0.008260281370781119, -0.006192148481003649, 0.0038266103200250614, 0.00030855345027872613, 0.0019619091810636076, -0.003722403710430864, 0.00022088191427147895, -2.1114341535913704e-06, -0.0035588281790913468], [0.0009649705684305418, -0.006192148481003649, 0.005659735710219619, -0.003195068640161162, -0.0002049814324309076, -0.0012618392759039243, 0.0026550569765955148, -0.00031032535696462433, 3.338640523660524e-05, 0.0031072083901332757], [-0.00043158325311490396, 0.0038266103200250614, -0.003195068640161162, 0.0019526309604767336, 0.0002271518794997597, 0.0008731524553618476, -0.001635851360825051, 0.00012059242287810863, 3.5447584380349634e-05, -0.001814461479722633], [9.348391612338619e-05, 0.00030855345027872613, -0.0002049814324309076, 0.0002271518794997597, 0.00017033138101368067, 0.00013600812878575562, -4.908035619206081e-05, -2.9040893696893393e-07, 7.522203610339361e-05, -0.0001620690900631624], [-7.185396147525967e-05, 0.0019619091810636076, -0.0012618392759039243, 0.0008731524553618476, 0.00013600812878575562, 0.0008123824432471537, -0.0007484173981414554, -5.45563868452439e-05, 6.123825143209292e-05, -0.0007976541755520695], [4.264964763310583e-05, -0.003722403710430864, 0.0026550569765955148, -0.001635851360825051, -4.908035619206081e-05, -0.0007484173981414554, 0.001820958929757333, -9.788742216083016e-05, 5.395722028743583e-05, 0.0015088869253441467], [-0.00010607191980163477, 0.00022088191427147895, -0.00031032535696462433, 0.00012059242287810863, -2.9040893696893393e-07, -5.45563868452439e-05, -9.788742216083016e-05, 0.00017694974471706642, -1.1681620454716891e-05, -0.00012967409010898015], [4.8879875787168634e-05, -2.1114341535913704e-06, 3.338640523660524e-05, 3.5447584380349634e-05, 7.522203610339361e-05, 6.123825143209292e-05, 5.395722028743583e-05, -1.1681620454716891e-05, 0.00022806809352049462, 5.3046482987226785e-05], [0.00040880967592209097, -0.0035588281790913468, 0.0031072083901332757, -0.001814461479722633, -0.0001620690900631624, -0.0007976541755520695, 0.0015088869253441467, -0.00012967409010898015, 5.3046482987226785e-05, 0.001816672210434659]], [[0.007289203774385977, -0.0008891082538504927, 0.00043677179147271806, 0.0006135471234231787, 0.0017993080935888876, -5.838623589100778e-05, -0.0005519041019757964, 0.00027289066831501447, 0.0002756994170162482, -3.85431888049024e-05], [-0.0008891082538504927, 0.0026004009927924556, -0.0011587135136298657, 0.0023891982970413203, 0.0030093480599415086, 0.00031802387722472647, -0.0013015928158537937, 0.0001753950784664822, -0.0003447775117871338, 7.740686490177886e-05], [0.00043677179147271806, -0.0011587135136298657, 0.0006819513294946648, -0.00047672585248282885, -0.0011876059010445632, -0.00010914358143343846, 0.000446917378379822, -0.00038627406417456793, 5.4575372750061515e-05, 0.00010410555711248605], [0.0006135471234231787, 0.0023891982970413203, -0.00047672585248282885, 0.016310669000751423, 0.005940548807592542, 0.0011001968339870358, -0.0022775296688298287, -0.0009513939516606772, -0.0013033489843995172, -0.0009916710836975046], [0.0017993080935888876, 0.0030093480599415086, -0.0011876059010445632, 0.005940548807592542, 0.014385688245703552, 0.0012352977056556886, -0.0036143102986139508, 0.0002746104557493827, -0.0001549121684947712, 0.001613786182966202], [-5.838623589100778e-05, 0.00031802387722472647, -0.00010914358143343846, 0.0011001968339870358, 0.0012352977056556886, 0.001157149786733447, 0.000563815841177936, -0.0006703693957013833, 0.0003583489045986059, 7.570537151249402e-05], [-0.0005519041019757964, -0.0013015928158537937, 0.000446917378379822, -0.0022775296688298287, -0.0036143102986139508, 0.000563815841177936, 0.002365448781465518, -0.00019226550891679095, 0.000185522491998501, -0.00019781036737846435], [0.00027289066831501447, 0.0001753950784664822, -0.00038627406417456793, -0.0009513939516606772, 0.0002746104557493827, -0.0006703693957013833, -0.00019226550891679095, 0.003060884311576207, -0.0001385722317068616, -2.6445938166554017e-05], [0.0002756994170162482, -0.0003447775117871338, 5.4575372750061515e-05, -0.0013033489843995172, -0.0001549121684947712, 0.0003583489045986059, 0.000185522491998501, -0.0001385722317068616, 0.0015309927861922813, -0.0001234052890084472], [-3.85431888049024e-05, 7.740686490177886e-05, 0.00010410555711248605, -0.0009916710836975046, 0.001613786182966202, 7.570537151249402e-05, -0.00019781036737846435, -2.6445938166554017e-05, -0.0001234052890084472, 0.001022468817097662]], [[0.28333277207360913, -0.0939538573567715, -0.05922727667576476, 0.029903184299458357, 0.034537371390238145, -0.00020163893123216107, -0.007949130219537201, -0.0019501271883984642, -0.005665300888767822, -0.0016143112025518136], [-0.0939538573567715, 0.03212970550942914, 0.018963608307997724, -0.010094683437049227, -0.013464159989689656, 2.8948183224819544e-05, 0.0019678014521732896, 1.0279479395418729e-05, 0.00180869880264669, 0.00019350646157756602], [-0.05922727667576476, 0.018963608307997724, 0.01327552816601373, -0.006195893736109403, -0.0058976991394620116, 0.00027903845027800266, 0.0019146185445484494, 0.0009540980555813181, 0.0010668498643754297, 0.0005223036483611967], [0.029903184299458357, -0.010094683437049227, -0.006195893736109403, 0.005075767488367601, 0.005330627205827079, -0.00030018337644204137, -0.0009840916347790458, -0.00059269682973123, -0.00040996933195954486, -0.0001817602215096025], [0.034537371390238145, -0.013464159989689656, -0.0058976991394620116, 0.005330627205827079, 0.010515174012510373, 0.0005688286496016682, 0.0008689417460939499, 0.0008324399624466384, -0.0002182071823929614, 0.0003090446071967109], [-0.00020163893123216107, 2.8948183224819544e-05, 0.00027903845027800266, -0.00030018337644204137, 0.0005688286496016682, 0.002138345366270178, 0.0017018305211405711, 0.00010682155953507605, -0.00012955542103362423, -0.000502675991911565], [-0.007949130219537201, 0.0019678014521732896, 0.0019146185445484494, -0.0009840916347790458, 0.0008689417460939499, 0.0017018305211405711, 0.0025756810593989465, 0.0006311514788005483, -0.00011785833142566573, -2.0048903356790025e-05], [-0.0019501271883984642, 1.0279479395418729e-05, 0.0009540980555813181, -0.00059269682973123, 0.0008324399624466384, 0.00010682155953507605, 0.0006311514788005483, 0.0033196293839660475, 0.00018435498354387876, 0.00015249304467842778], [-0.005665300888767822, 0.00180869880264669, 0.0010668498643754297, -0.00040996933195954486, -0.0002182071823929614, -0.00012955542103362423, -0.00011785833142566573, 0.00018435498354387876, 0.0026615298636973655, -0.00010183451941725576], [-0.0016143112025518136, 0.00019350646157756602, 0.0005223036483611967, -0.0001817602215096025, 0.0003090446071967109, -0.000502675991911565, -2.0048903356790025e-05, 0.00015249304467842778, -0.00010183451941725576, 0.0011282404305842087]], [[0.04809159010835473, -0.0051300927168285975, -0.0005054059035529159, 0.0004987659026947962, 0.0003752870068591953, -0.006761977807384258, -0.0029381629606722364, -0.000273037371945788, -0.0002995992397102119, -0.0011638740643416063], [-0.0051300927168285975, 0.0015064114263724905, -0.000680824757393501, -0.00014038985034005622, -0.001758132591532666, 0.0011602724029116788, 0.00010130399921560247, 7.467552881986527e-05, 0.0003791483739853231, 0.0005151389921032404], [-0.0005054059035529159, -0.000680824757393501, 0.0008050931881633384, 0.00029966763429734733, 0.00155967387782023, -0.0002304974122040347, 6.178554376636522e-05, 3.337806014354933e-05, -8.301561443776547e-05, -0.00027657748300619485], [0.0004987659026947962, -0.00014038985034005622, 0.00029966763429734733, 0.001100160740801441, 0.0007509850838178595, 0.0002692217043210545, -0.0002265173130918916, -0.000556046937664091, 0.0008044186690476284, 0.00031337380867091147], [0.0003752870068591953, -0.001758132591532666, 0.00155967387782023, 0.0007509850838178595, 0.0040074322866422265, -0.0006074327255734016, 0.00030322920666143874, -0.0006592401200803186, -0.0003735503519247167, -0.0006700250633180388], [-0.006761977807384258, 0.0011602724029116788, -0.0002304974122040347, 0.0002692217043210545, -0.0006074327255734016, 0.0030943968351415546, 0.0017041555448468859, -0.00040746003011610775, 0.0003964685032969746, -8.928185707731635e-05], [-0.0029381629606722364, 0.00010130399921560247, 6.178554376636522e-05, -0.0002265173130918916, 0.00030322920666143874, 0.0017041555448468859, 0.0016214681464975732, -8.737870330334857e-05, -0.00046231106240811185, -0.00046455691715367373], [-0.000273037371945788, 7.467552881986527e-05, 3.337806014354933e-05, -0.000556046937664091, -0.0006592401200803186, -0.00040746003011610775, -8.737870330334857e-05, 0.0016891173213931655, -0.0004519356831031766, -0.00028657280371223296], [-0.0002995992397102119, 0.0003791483739853231, -8.301561443776547e-05, 0.0008044186690476284, -0.0003735503519247167, 0.0003964685032969746, -0.00046231106240811185, -0.0004519356831031766, 0.0014537784493363845, 0.00046260539106666423], [-0.0011638740643416063, 0.0005151389921032404, -0.00027657748300619485, 0.00031337380867091147, -0.0006700250633180388, -8.928185707731635e-05, -0.00046455691715367373, -0.00028657280371223296, 0.00046260539106666423, 0.0012057532095290523]], [[1.0821448298441159, 0.05718197042432156, 0.04569862457041668, 0.020363010632087845, 0.024761709345669552, -0.09048436465454379, 0.06486681316825749, -0.01262873763773027, 0.002204444925599854, -0.019830617209935664], [0.05718197042432156, 0.004163812583626419, 0.002345585849276874, 0.0013606517130127242, 0.0017808932596037083, -0.004410207431184684, 0.0033535634548588745, -0.0006238987434636225, -6.021589914346275e-05, -0.000927734357578066], [0.04569862457041668, 0.002345585849276874, 0.006467997080726233, -0.001834952356698017, 0.000417144931285717, -0.0023899789372245637, 0.002132597959438614, -7.579359529480798e-05, 0.00022925593524629573, -0.0004197995448130411], [0.020363010632087845, 0.0013606517130127242, -0.001834952356698017, 0.0031521802466980644, 0.0017159909073477333, -0.003028365148570534, 0.001629420972300442, -0.000304393878007848, 0.00045933578630878843, -0.001169473792564926], [0.024761709345669552, 0.0017808932596037083, 0.000417144931285717, 0.0017159909073477333, 0.002328718202970593, -0.002099470779774036, 0.0017624705162937277, 0.0002258974558231986, 0.0008720836568086273, -0.0007238288169394577], [-0.09048436465454379, -0.004410207431184684, -0.0023899789372245637, -0.003028365148570534, -0.002099470779774036, 0.009483350485153084, -0.00506474832240321, 0.0010015789250594326, -2.1551559420743735e-05, 0.0019620973708911094], [0.06486681316825749, 0.0033535634548588745, 0.002132597959438614, 0.001629420972300442, 0.0017624705162937277, -0.00506474832240321, 0.0044612572319146756, -0.000810845173063391, 0.00039977508365141197, -0.001437955184891453], [-0.01262873763773027, -0.0006238987434636225, -7.579359529480798e-05, -0.000304393878007848, 0.0002258974558231986, 0.0010015789250594326, -0.000810845173063391, 0.0008687950942371599, 0.0002380818174798963, 0.00033169762753706766], [0.002204444925599854, -6.021589914346275e-05, 0.00022925593524629573, 0.00045933578630878843, 0.0008720836568086273, -2.1551559420743735e-05, 0.00039977508365141197, 0.0002380818174798963, 0.0010915304985893233, -0.00040362176366968744], [-0.019830617209935664, -0.000927734357578066, -0.0004197995448130411, -0.001169473792564926, -0.0007238288169394577, 0.0019620973708911094, -0.001437955184891453, 0.00033169762753706766, -0.00040362176366968744, 0.0011118953171153606]], [[0.2729317838538797, -0.017612445180759582, -0.0526545579405407, 0.01404414944961921, -0.0272584691260078, -0.011922417904955676, 0.0008449834736666059, -0.004606499194323734, 0.00866208292989276, 0.01043899157297116], [-0.017612445180759582, 0.0015061872472483461, 0.0029601517899236337, -0.0010067287917556037, 0.0017751401223531763, 0.0004073126287745227, -0.00022398937524435516, 0.0008758237178056247, -0.00048439210627283064, -0.0007387566085894121], [-0.0526545579405407, 0.0029601517899236337, 0.010844904786563385, -0.0025579695297912822, 0.005284085463047936, 0.00261397252704281, -0.00011049684425463421, 7.23237947100308e-05, -0.0016611071380266149, -0.002073279447934743], [0.01404414944961921, -0.0010067287917556037, -0.0025579695297912822, 0.0012844337464143645, -0.0007889129762823093, -0.0002975302144986124, 0.0002183715088666258, -0.0007735706122799404, 0.000359269296152507, 0.00010998320791779174], [-0.0272584691260078, 0.0017751401223531763, 0.005284085463047936, -0.0007889129762823093, 0.004253328333520558, 0.001882532912554051, 0.0007470046627049883, 0.0008985011203748636, -0.0011691537375917269, -0.0017753076298958977], [-0.011922417904955676, 0.0004073126287745227, 0.00261397252704281, -0.0002975302144986124, 0.001882532912554051, 0.002271621149555328, 0.0013810460721030216, -0.0006137056791731079, -0.0008828237588708824, -0.00021110600031644549], [0.0008449834736666059, -0.00022398937524435516, -0.00011049684425463421, 0.0002183715088666258, 0.0007470046627049883, 0.0013810460721030216, 0.0013653670503872666, 6.491676044891755e-05, -0.0004071779753597011, 0.00017117189093867886], [-0.004606499194323734, 0.0008758237178056247, 7.23237947100308e-05, -0.0007735706122799404, 0.0008985011203748636, -0.0006137056791731079, 6.491676044891755e-05, 0.003706761634977861, 0.00019094176569484921, -0.0003022387552500603], [0.00866208292989276, -0.00048439210627283064, -0.0016611071380266149, 0.000359269296152507, -0.0011691537375917269, -0.0008828237588708824, -0.0004071779753597011, 0.00019094176569484921, 0.0006846643483165167, 0.0003075463399580659], [0.01043899157297116, -0.0007387566085894121, -0.002073279447934743, 0.00010998320791779174, -0.0017753076298958977, -0.00021110600031644549, 0.00017117189093867886, -0.0003022387552500603, 0.0003075463399580659, 0.0010831549470175028]]]}