{"weights": [0.1284836429325583, 0.043737764978347325, 0.33047087611582837, 0.2535724494646456, 0.14139761994554462, 0.10233764656307581], "means": [[3.669402338493953, 0.4739400624898166, -0.3907584055991393, 0.1280906877567098, -0.025140313105243194, -0.07254455579091262, 0.0703295591136695, -0.02001069792660911], [0.9863710488129769, 0.5660228904904012, -0.5425527749570977, -0.010596853850885124, 0.030160615179736033, 0.02409428024079011, 0.0030236270044692874, 0.009230448115703076], [-3.9751800157950536, -0.4676910673325573, 0.11272326523678423, 0.05577700666225414, 0.0445650036827576, -0.006540943525639964, 0.006503964072601444, 0.005750204849215132], [-2.676238150143317, -0.015456706216416602, -0.21728537439481813, -0.07461908170035794, -0.11063247711390758, -0.015556951507807629, -0.011620931238415427, -0.021376204606102185], [-0.6870453193664456, 1.4337389094169022, 1.0416519173335412, -0.014566337816292386, 0.003353316095004592, -0.016391815700396897, -0.012930065218030164, 0.03365302546775279], [6.8472462218476, -0.6637457494434352, 0.28145750282747706, -0.03393303133381582, 0.00214818197449866, 0.010031359616882002, -0.015240237557808725, 0.002107394312450996]], "cov": [[[0.15217355662445398, -0.017544978612731594, 0.0274205479443396, -0.007554889495457643, -0.005377341988053457, 0.00037391547096471346, 0.0084807356576043, 0.0004482646912734861], [-0.01754497861273159, 0.00347544987104945, -0.0007152888910150593, -0.0010666792565087232, 0.0017439533630606906, 0.0003079395809342384, -0.0012247521060920873, -0.000277690687939136], [0.0274205479443396, -0.0007152888910150593, 0.009917134998112061, -0.004988264522660697, 0.00040416085703651194, 0.0009521250255544247, 0.0006200716592087185, -7.159393170119775e-05], [-0.007554889495457643, -0.001066679256508723, -0.004988264522660697, 0.004255832952825006, -0.0020905979571502124, -0.0007772131315560495, 0.0003815717848976769, 0.0007732400243879601], [-0.005377341988053457, 0.0017439533630606906, 0.00040416085703651183, -0.002090597957150212, 0.003963191748390741, -3.3248200577714496e-05, -0.0006164337428465831, -0.0015904089292165923], [0.00037391547096471346, 0.0003079395809342384, 0.0009521250255544247, -0.0007772131315560495, -3.3248200577714456e-05, 0.0009734689284655882, 0.00012624816945951844, -0.00034557228581012816], [0.0084807356576043, -0.0012247521060920873, 0.0006200716592087185, 0.00038157178489767684, -0.0006164337428465831, 0.00012624816945951847, 0.0010959902673131252, 5.011088837462997e-05], [0.0004482646912734861, -0.000277690687939136, -7.159393170119782e-05, 0.0007732400243879602, -0.0015904089292165923, -0.00034557228581012816, 5.011088837462998e-05, 0.0012697468713239056]], [[0.2934106244212544, 0.0033754796189186297, 0.027000022555039693, 0.02675202517748116, -0.012353545526369426, 0.019356296419991075, -0.009767025906900283, -0.002437881968403628], [0.0033754796189186293, 0.001606030755913305, 0.0007014142670464153, 0.0001913732424743412, -0.0017316941391450306, -0.0016341126663206547, -0.000298319063932729, -9.950982452973556e-06], [0.02700002255503969, 0.0007014142670464153, 0.004618278953070367, 0.0031905036902279225, -0.002118840597865458, 0.002675329018998078, -0.0018229593207329587, 3.755192193178336e-05], [0.02675202517748116, 0.0001913732424743412, 0.0031905036902279225, 0.00454213279662617, -0.002404443717821613, 0.00278058085643465, -0.0012265691439921295, -0.000625827601034062], [-0.012353545526369426, -0.0017316941391450306, -0.002118840597865458, -0.002404443717821613, 0.004609564386570543, 0.0002717337151026181, 0.00029863311203224977, 0.0006102583452799127], [0.019356296419991075, -0.0016341126663206547, 0.002675329018998078, 0.00278058085643465, 0.0002717337151026181, 0.006159686151050688, 0.000606704696579627, -0.0005154667975131542], [-0.009767025906900283, -0.0002983190639327292, -0.0018229593207329587, -0.0012265691439921295, 0.0002986331120322499, 0.0006067046965796273, 0.002594657639345899, -0.00029100925420611314], [-0.002437881968403628, -9.95098245297353e-06, 3.7551921931783425e-05, -0.0006258276010340618, 0.0006102583452799125, -0.0005154667975131542, -0.00029100925420611314, 0.0012752303932804146]], [[0.0463886940633431, 0.019236265111913634, -0.016576448488753295, -0.04096452227615731, -0.007842234891563502, -0.001345464600188714, 0.000410814864161485, 0.0005132872791145838], [0.019236265111913637, 0.00954444645796613, -0.005809540718362141, -0.01722306797424206, -0.0025861319518039696, -0.0008340255848466721, 0.0011668700914240517, 0.0004812748615073124], [-0.016576448488753295, -0.00580954071836214, 0.0072468988788262296, 0.017077697501186054, 0.0015412943589857482, 0.0004246779111013888, 0.00022584670119138233, 0.0003533443990333244], [-0.04096452227615731, -0.017223067974242057, 0.017077697501186054, 0.05492272527468072, -0.0014792438335982055, 0.001393476838765199, -0.0017596740581967642, 0.0012107978020125846], [-0.007842234891563504, -0.0025861319518039696, 0.0015412943589857482, -0.0014792438335982057, 0.01351615083254059, -0.00040588119251395305, 0.0011841574939224786, -0.0014427730411412717], [-0.0013454646001887138, -0.0008340255848466719, 0.0004246779111013888, 0.0013934768387651995, -0.000405881192513953, 0.0016133061728733674, 0.0009301055849671743, -0.0002051983142269192], [0.0004108148641614852, 0.001166870091424052, 0.0002258467011913823, -0.0017596740581967642, 0.0011841574939224786, 0.0009301055849671743, 0.0019499277477908461, 0.0003281114234509034], [0.0005132872791145838, 0.0004812748615073125, 0.0003533443990333245, 0.0012107978020125846, -0.0014427730411412717, -0.00020519831422691908, 0.00032811142345090354, 0.003119353124308547]], [[0.034632378911135374, 0.010839206177599722, -0.007124677732595792, 0.004954044539407215, -0.0030369945254752942, -0.0021692138801696847, -0.0013503900436626485, -0.0038762961458842634], [0.010839206177599722, 0.0037239868018337967, -0.001901342876427188, 0.0014159763368574597, -0.0014820223667851725, -0.0003104155982916569, 3.449869452855133e-05, -0.0010830851846823108], [-0.007124677732595792, -0.0019013428764271885, 0.002647870952857796, -0.001577569502170471, 0.0004186983875986381, 0.0009711186263661859, -3.263807107370504e-05, 0.0011518282368942786], [0.004954044539407215, 0.00141597633685746, -0.0015775695021704712, 0.0015400499329293687, -0.0008601235896477152, -0.000574431631834007, -0.00011284979550019739, -0.001304986225161749], [-0.003036994525475294, -0.0014820223667851727, 0.0004186983875986381, -0.0008601235896477152, 0.002578669526690461, -0.0009437473632401767, -0.0015065977088237347, 0.0009215571605643199], [-0.0021692138801696847, -0.00031041559829165686, 0.0009711186263661859, -0.000574431631834007, -0.0009437473632401767, 0.0016450097390138336, 0.0015262663130023529, 0.000227885193769202], [-0.0013503900436626483, 3.449869452855132e-05, -3.263807107370507e-05, -0.00011284979550019736, -0.0015065977088237344, 0.0015262663130023526, 0.0025548132468185634, 0.0003496886038385819], [-0.0038762961458842634, -0.001083085184682311, 0.0011518282368942786, -0.0013049862251617492, 0.0009215571605643199, 0.00022788519376920198, 0.00034968860383858186, 0.0031070479071411404]], [[0.2895919224542037, 0.019144188723019234, -0.055573122128429964, 0.014948344174937265, 0.029027254541682052, -0.012596645600844041, 0.0009609332099460036, -0.004995292730586987], [0.019144188723019234, 0.0016871847063209457, -0.003068221093971934, 0.0012369348851627715, 0.0018060904209769258, -9.624843310942456e-05, 0.00040417491687898277, -0.0015418913963999204], [-0.055573122128429964, -0.003068221093971934, 0.01165863071116654, -0.0025688105110723268, -0.00566192761416622, 0.003187167773446688, 6.036356779211431e-05, -0.0006961030005594146], [0.014948344174937263, 0.0012369348851627715, -0.0025688105110723263, 0.0014196357528794615, 0.0008809064303875622, 0.0001834215243600414, 0.0005491934260579264, -0.0013672938024160747], [0.029027254541682052, 0.0018060904209769258, -0.005661927614166219, 0.0008809064303875622, 0.0046721598664871125, -0.0025349565134651555, -0.0012871779835004645, -0.0009541831181602259], [-0.01259664560084404, -9.624843310942458e-05, 0.003187167773446688, 0.0001834215243600414, -0.0025349565134651555, 0.003421969783480713, 0.0021104857928512678, -0.0019703685295295575], [0.0009609332099460036, 0.0004041749168789827, 6.036356779211425e-05, 0.0005491934260579264, -0.0012871779835004645, 0.002110485792851268, 0.0019491029511794031, -0.00045935918643755393], [-0.004995292730586986, -0.0015418913963999201, -0.0006961030005594145, -0.0013672938024160747, -0.0009541831181602257, -0.0019703685295295575, -0.00045935918643755415, 0.006917855379577069]], [[0.0008626858171925538, 0.00042676580858499606, 0.0014383057109980917, -0.0004986924567451256, -8.358214205775415e-05, 1.2031684769181566e-05, 1.8733035588206652e-05, -0.00019808077292144405], [0.00042676580858499595, 0.011805448511981129, 0.00872603831776646, -0.005440932186137953, 0.00045881285541346094, -0.0028265116017618494, 0.005331990041497068, -0.0002995899333373488], [0.0014383057109980915, 0.00872603831776646, 0.008184630116256295, -0.004559410518430814, 0.00027163014134843423, -0.0017547009866741342, 0.0037092653849553395, -0.0004642899879160219], [-0.0004986924567451256, -0.005440932186137953, -0.004559410518430815, 0.002743134382203057, -0.0002689637536600134, 0.001221029024257335, -0.002354126475749795, 0.00017482776084683325], [-8.358214205775414e-05, 0.000458812855413461, 0.0002716301413484343, -0.0002689637536600134, 0.0001577629763779081, -0.00016703904701696236, 0.0001367911649751434, -1.0285619094540165e-05], [1.203168476918158e-05, -0.00282651160176185, -0.0017547009866741346, 0.001221029024257335, -0.00016703904701696227, 0.0009892132337050547, -0.0011875556983403231, -3.0237333373063484e-05], [1.8733035588206693e-05, 0.005331990041497068, 0.0037092653849553395, -0.002354126475749795, 0.00013679116497514337, -0.001187555698340323, 0.0025497597709645955, -9.163560338737836e-05], [-0.00019808077292144405, -0.0002995899333373489, -0.0004642899879160219, 0.00017482776084683325, -1.028561909454017e-05, -3.0237333373063484e-05, -9.163560338737835e-05, 0.0002711135567001367]]]}