{"weights": [0.1711398107225203, 0.167540588438369, 0.3022531450942069, 0.12416888209593317, 0.15435730823254268, 0.08054026541642792], "means": [[-6.869711745394604, -0.6477766796568883, -0.30718474610064317], [4.105251916437313, -0.5218729992494688, -0.1824802861825542], [3.2287374425746456, -0.20412467136992177, 0.08456457303439167], [-0.6622421840551004, 0.5397035621145879, 0.5856700166416218], [-2.9839450795578277, 0.4774998848133936, 0.43134476457190024], [0.6805589867083097, 1.4809068005348418, -1.0146318978929487]], "cov": [[[0.0052052301462902455, -0.00039687922219704195, 0.000932606857875506], [-0.00039687922219704195, 0.008124045717314968, -0.005836532774443443], [0.000932606857875506, -0.005836532774443443, 0.005165165366653137]], [[0.007787780098784543, -0.001356001484031474, 0.0005942283820644146], [-0.001356001484031474, 0.0032940248014701246, -0.0014113575132197107], [0.0005942283820644146, -0.0014113575132197107, 0.0007913717815777033]], [[0.28181737301669546, -0.09165611154630235, -0.0614934024509582], [-0.09165611154630235, 0.030858063485786798, 0.01936071959845496], [-0.0614934024509582, 0.01936071959845496, 0.014232843361106083]], [[0.05207633059007963, -0.0041448574034803325, -0.002475155512339608], [-0.0041448574034803325, 0.0012443122078000927, -0.0005968386853999268], [-0.002475155512339608, -0.0005968386853999268, 0.0011830252750472837]], [[1.0114576180415777, 0.06212773624355494, 0.0458029913639751], [0.06212773624355494, 0.00551966495645759, 0.002740473211688389], [0.0458029913639751, 0.002740473211688389, 0.006020830290375372]], [[0.2536797099918591, -0.016981033764781123, -0.05158769849470841], [-0.016981033764781123, 0.001994058991755241, 0.002721559396828898], [-0.05158769849470841, 0.002721559396828898, 0.01140744814341165]]]}