{"weights": [0.17114069518371608, 0.167791460609784, 0.3019993393838994, 0.12417051671614468, 0.15435772402384668, 0.0805402640826092], "means": [[-6.8696556820130255, -0.6477758300502304, -0.30718425359315976], [4.105089760949373, -0.5217425857637372, -0.18254179682837474], [3.2281247447516694, -0.20393757237905935, 0.08481816055570157], [-0.6622447796085188, 0.5397039048507333, 0.5856698071008731], [-2.9839389884172416, 0.47750010289004224, 0.431345136294078], [0.6805590940592204, 1.4809068241324312, -1.0146319241024555]], "cov": [[[0.005817434710247704, -0.0003875738267757874, 0.0009379739522911304], [-0.0003875738267757874, 0.008124151153321109, -0.0058364229875092774], [0.0009379739522911304, -0.0058364229875092774, 0.005165187177156502]], [[0.007791696741392762, -0.0013700147116854704, 0.0006003048109392277], [-0.0013700147116854704, 0.003302049419405137, -0.0014148880808788464], [0.0006003048109392277, -0.0014148880808788464, 0.000792765233648906]], [[0.28144880948984347, -0.09156311955193347, -0.06133443443041365], [-0.09156311955193347, 0.030834684059624716, 0.019315309392074955], [-0.06133443443041365, 0.019315309392074955, 0.0141639542586188]], [[0.052077216833528436, -0.004144940844352714, -0.0024751493679125995], [-0.004144940844352714, 0.0012443210144441968, -0.0005968275764465836], [-0.0024751493679125995, -0.0005968275764465836, 0.0011830241452539742]], [[1.011468830796436, 0.06212805589752051, 0.045803699760846396], [0.06212805589752051, 0.005519666051142203, 0.002740499354512514], [0.045803699760846396, 0.002740499354512514, 0.006020861317756852]], [[0.2536791597355325, -0.016981151602586262, -0.051587563899485454], [-0.016981151602586262, 0.0019940343541048587, 0.002721587929760818], [-0.051587563899485454, 0.002721587929760818, 0.011407415918921162]]]}