{"weights": [0.17114073557289103, 0.1677914758826662, 0.3019992901302975, 0.12417051705413495, 0.15435771728074493, 0.08054026407926526], "means": [[-6.869653120270272, -0.6477757879928719, -0.30718423256431304], [4.105089758685166, -0.5217425778983421, -0.18254179873314091], [3.2281245188791248, -0.20393751034415195, 0.08481822557899277], [-0.6622447979169096, 0.5397039075450152, 0.5856698091049586], [-2.983939076766935, 0.4775001000158134, 0.43134512917661194], [0.6805590934457483, 1.4809068239647023, -1.0146319239381976]], "cov": [[[0.005845349899272825, -0.0003871150442906184, 0.0009382027702575113], [-0.0003871150442906184, 0.008124157243881863, -0.005836417929651717], [0.0009382027702575113, -0.005836417929651717, 0.005165187854710374]], [[0.007791590409928705, -0.001370019806528275, 0.0006003022134454138], [-0.001370019806528275, 0.0033020505391023686, -0.001414887559634086], [0.0006003022134454138, -0.001414887559634086, 0.0007927657816164368]], [[0.2814490771988388, -0.09156315685031864, -0.06133444117717426], [-0.09156315685031864, 0.030834687205860266, 0.019315305476017015], [-0.06133444117717426, 0.019315305476017015, 0.014163944705889059]], [[0.05207715965014463, -0.004144931416841444, -0.00247514302004506], [-0.004144931416841444, 0.0012443194079974956, -0.0005968286692270716], [-0.00247514302004506, -0.0005968286692270716, 0.00118302338796245]], [[1.0114686959455885, 0.06212805295360236, 0.045803687222700326], [0.06212805295360236, 0.005519666173033592, 0.002740498876773221], [0.045803687222700326, 0.002740498876773221, 0.0060208606228421]], [[0.2536791632249798, -0.016981150839898942, -0.051587564788781806], [-0.016981150839898942, 0.0019940345131799165, 0.0027215877375293953], [-0.051587564788781806, 0.0027215877375293953, 0.011407416144193295]]]}