{"weights": [0.5278346003629499, 0.2658405140606034, 0.2063248855764466], "means": [[-2.0916029908313662, -0.5151107755200244, 0.046049072796218886, -0.1309777796258517, 0.018652022415909505, -0.040747219253460906, -0.020045327020434586, -0.0014508407411318008], [2.787567358960142, -1.7989345840575328, 0.2586700924919725, 0.3108535220659498, -0.013577939065832998, 0.08097501727237459, 0.022603205260527552, -0.001512270410140326], [1.7592259318831194, 3.6356398930296803, -0.4510909289328657, -0.06544463165748456, -0.030222318937902944, -9.038186135483003e-05, 0.022158109809811807, 0.005660134902065762]], "cov": [[[0.01969264888636576, -0.010343997473604491, 0.008153952975350568, -0.06825245280054303, 0.022203562683227433, -0.017915559211328223, -0.00783562134157048, 0.004078559475099737], [-0.010343997473604491, 0.032905748197040036, -0.01832436395124937, 0.07154393340456118, -0.04047505265193319, 0.008153378752931857, -0.019000138488093198, -0.0037508187655656998], [0.008153952975350568, -0.01832436395124937, 0.021079950273017272, -0.0959854294935054, 0.03578052249365639, -0.011404394019233781, 0.01554987242387686, -0.0069663688454196515], [-0.06825245280054303, 0.07154393340456118, -0.0959854294935054, 0.5594023831822118, -0.18023080172467745, 0.09258235622291595, -0.018705364345489906, 0.03360900941835346], [0.022203562683227433, -0.04047505265193319, 0.03578052249365639, -0.18023080172467745, 0.08015164290136798, -0.018933263503206652, 0.0097313120348658, -0.015590492955216835], [-0.017915559211328223, 0.008153378752931857, -0.011404394019233781, 0.09258235622291595, -0.018933263503206652, 0.03434043753561657, -0.0041298385967267, -0.011627189149457116], [-0.00783562134157048, -0.019000138488093198, 0.01554987242387686, -0.018705364345489906, 0.0097313120348658, -0.0041298385967267, 0.04949554328606662, 0.00999054983392092], [0.004078559475099737, -0.0037508187655656998, -0.0069663688454196515, 0.03360900941835346, -0.015590492955216835, -0.011627189149457116, 0.00999054983392092, 0.02489747335283497]], [[5.9078109335557, -2.0497740487869054, -0.1549542242615452, -1.2056243505978392, 0.06707653295943772, -0.36283882320134286, -0.17249318435734123, -0.03088754848474796], [-2.0497740487869054, 3.54361952642641, 1.6426777319401646, 0.4786420496829909, 0.21689139533414878, 0.09305631880013493, -0.00031415969554468673, -0.012390861318762375], [-0.1549542242615452, 1.6426777319401646, 0.9841610853710249, -0.009401403890380525, 0.052401105012062424, 0.008709792063412252, 0.0010505507696637834, 0.036712471838074134], [-1.2056243505978392, 0.4786420496829909, -0.009401403890380525, 1.0158611103622908, 0.3867900556193108, -0.20864382314396454, 0.07072828002883447, -0.07589094947630688], [0.06707653295943772, 0.21689139533414878, 0.052401105012062424, 0.3867900556193108, 0.7835392310295096, -0.007924447110073852, -0.11990343255132001, 0.03344879093569364], [-0.36283882320134286, 0.09305631880013493, 0.008709792063412252, -0.20864382314396454, -0.007924447110073852, 0.2765796612616205, -0.06098209163436559, 0.045058127215889913], [-0.17249318435734123, -0.00031415969554468673, 0.0010505507696637834, 0.07072828002883447, -0.11990343255132001, -0.06098209163436559, 0.08250893067033126, 0.015362745076510935], [-0.03088754848474796, -0.012390861318762375, 0.036712471838074134, -0.07589094947630688, 0.03344879093569364, 0.045058127215889913, 0.015362745076510935, 0.18004260189202517]], [[0.06984486411416278, -0.023546520353909865, 0.28971136143414983, 0.025807585435622764, 0.05851214969082918, 0.0046254858224640556, 0.014871183290081696, 0.017074012261305487], [-0.023546520353909865, 0.10322765243732687, 0.23060605525419742, -0.013894999268902551, -0.07292355723860527, -0.0064374942575492165, -0.005571439228318343, -0.0004346489761689203], [0.28971136143414983, 0.23060605525419742, 3.9408080983598155, 0.1399755236676971, -0.1703577303102154, -0.0042749384656362915, -0.03631087678021566, -0.026252383511185376], [0.025807585435622764, -0.013894999268902551, 0.1399755236676971, 0.06892729667724698, -0.02757280124548426, -0.014113774145863336, -0.057596558084222885, 0.012291226200112883], [0.05851214969082918, -0.07292355723860527, -0.1703577303102154, -0.02757280124548426, 0.19832193776595786, 0.062004908237013316, 0.13161657171942576, -0.002998778234037001], [0.0046254858224640556, -0.0064374942575492165, -0.0042749384656362915, -0.014113774145863336, 0.062004908237013316, 0.04770757221518253, 0.08469215032076113, -0.02830287766573701], [0.014871183290081696, -0.005571439228318343, -0.03631087678021566, -0.057596558084222885, 0.13161657171942576, 0.08469215032076113, 0.21137614310413907, -0.045508512078471966], [0.017074012261305487, -0.0004346489761689203, -0.026252383511185376, 0.012291226200112883, -0.002998778234037001, -0.02830287766573701, -0.045508512078471966, 0.03485968869270265]]]}