{"weights": [0.44945018058436986, 0.40253659412721593, 0.14801322528841415], "means": [[-2.1056588133170773, -0.5004039333797486, 0.030921148836763182, -0.03403468060634456, -0.00316760321085022, -0.011209528115272361, -0.030183820274351816, -0.012208535168377126], [1.7976639841315178, 3.611397707833946, -0.10065132901314842, -0.03206365798265697, -0.006378674815513433, 0.010551811728523779, 0.024885022183857918, 0.0037638697895030432], [3.988102552583643, -2.7292002793774603, -0.052786447745400325, 0.05519851344350931, -0.05041314710167473, -0.014638867241361105, -0.0006110595515658843, 0.031204436666406956]], "cov": [[[0.025966383925037487, -0.010437413322451369, 0.009487333652566241, -0.09055848056341093, 0.027452169711905266, -0.025827465473903816, -0.012206582718106254, 0.005730400437286395], [-0.010437413322451367, 0.03658391307806595, -0.017381772505156025, 0.061460191749371555, -0.044077904982888175, 0.002365666356709315, -0.018861005016069254, -0.002869855490055617], [0.009487333652566245, -0.01738177250515602, 0.022464344379910968, -0.10988026391016052, 0.036897159094716026, -0.01624598230658224, 0.014412397630886526, -0.00680411354257063], [-0.09055848056341094, 0.06146019174937157, -0.10988026391016052, 0.7135846369145339, -0.1951125466908272, 0.14920013683710828, -0.0037276910234281743, 0.028026060467664746], [0.027452169711905266, -0.04407790498288818, 0.036897159094716026, -0.1951125466908272, 0.08808306356131099, -0.0216002077752689, 0.006126154422821931, -0.015299666391428055], [-0.025827465473903816, 0.002365666356709316, -0.016245982306582238, 0.14920013683710828, -0.0216002077752689, 0.05686565687494074, 0.0008918810474407898, -0.014454396213581765], [-0.012206582718106254, -0.018861005016069254, 0.014412397630886527, -0.0037276910234281726, 0.006126154422821936, 0.0008918810474407917, 0.05198649707572314, 0.009138524990310997], [0.005730400437286395, -0.002869855490055618, -0.00680411354257063, 0.028026060467664742, -0.015299666391428057, -0.014454396213581765, 0.009138524990310998, 0.025700642532176167]], [[0.12372083324506689, -0.08401084465527646, 0.42662610175617394, 0.08618496511470693, 0.11375209412222648, 0.009657032728105653, 0.0117429980093804, 0.043676857931474446], [-0.08401084465527646, 0.16472648545870244, 0.1601308355598949, -0.07556737950950375, -0.14639353327577664, -0.011446274616735318, -0.005920488872344119, -0.040917190564309126], [0.42662610175617394, 0.1601308355598949, 4.915939347595013, 0.2988305424053667, -0.1084378772364584, 0.0008861201249484609, -0.02057381984369848, 0.008038271060835754], [0.08618496511470693, -0.07556737950950375, 0.2988305424053667, 0.12464955838098049, 0.038392295891789385, -0.006493496380503243, -0.05538941743978825, 0.03845452460337285], [0.11375209412222646, -0.14639353327577664, -0.1084378772364584, 0.038392295891789364, 0.2573345244070532, 0.06420945775061625, 0.11117019891498754, 0.02836170649590473], [0.009657032728105653, -0.011446274616735318, 0.0008861201249484607, -0.006493496380503243, 0.06420945775061625, 0.046132680630026984, 0.07123231100996669, -0.024926135429625924], [0.011742998009380404, -0.005920488872344128, -0.02057381984369848, -0.05538941743978825, 0.11117019891498756, 0.0712323110099667, 0.19798959182196796, -0.039623462571026384], [0.043676857931474446, -0.040917190564309126, 0.008038271060835753, 0.03845452460337285, 0.028361706495904738, -0.024926135429625924, -0.039623462571026384, 0.04457826870082624]], [[0.4575960729978978, 0.11105570239600089, -0.0029713281371452644, -0.2828840939001815, -0.13246893675208107, 0.06473737846022422, -0.04847094285535341, -0.129971205568477], [0.11105570239600089, 0.17710522250923602, 0.010062452138984341, 0.13789913192652048, 0.2997549245217336, -0.018410660008930504, -0.06730063954919772, -0.0649333534957315], [-0.0029713281371452635, 0.01006245213898434, 0.011085142924878512, -0.04934797177130286, 0.02093212593487058, 0.041991554290880764, -0.013391647567371474, 0.01244876422248217], [-0.2828840939001815, 0.13789913192652048, -0.04934797177130286, 1.1503991050237268, 0.563697361847627, -0.4436008488536024, 0.05581401595134807, -0.1351869448739154], [-0.13246893675208107, 0.2997549245217335, 0.020932125934870583, 0.5636973618476269, 0.9401580881582983, -0.06596115087022228, -0.16953758106057465, -0.008541533959262276], [0.06473737846022426, -0.018410660008930515, 0.041991554290880764, -0.4436008488536024, -0.06596115087022228, 0.32314057685440367, -0.08910594886650611, 0.07341226326705141], [-0.048470942855353416, -0.06730063954919772, -0.013391647567371481, 0.05581401595134807, -0.16953758106057465, -0.08910594886650611, 0.08659847099211482, 0.01543883087398019], [-0.129971205568477, -0.06493335349573148, 0.01244876422248217, -0.1351869448739154, -0.008541533959262278, 0.07341226326705141, 0.015438830873980187, 0.22172381406036193]]]}