{"weights": [0.5726495719500889, 0.1623931629335957, 0.0811965815670327, 0.18376068354928268], "means": [[-0.439880783686696, -0.522945643525145, -0.5228383695418394, -0.48194691920332955, -0.5196270273474558, -0.522014655602116, -0.5341979624108958, -0.5343082340030332, -0.5343082342174327, 2.940464859858513, 2.639137422184755, 0.21712991860992878, -0.5343082342166302, -0.05093696727622927, 0.5712728678909682, -0.5343082342174327, -0.5343082342174327, -0.40526277233104174, 1.6905524434633719, -0.1026833120613414, 0.4473157454810654, -0.5343082342174327, -0.5259823386304187, 2.148080919498339, -0.269040206327807, -0.4660518516041581, -0.4817712601255732, -0.5343082340030332, -0.5343082340030332, -0.5343082342174327], [-0.5102225135363888, -0.6538441991766262, -0.6532477176207996, -0.6180134407780404, -0.6470597238666213, -0.6283627128614114, -0.6179875609970015, -0.3079757598923009, -0.6747805121480119, -0.3160463779709281, 0.09420282379377748, 0.3670945719021796, -0.6734074229017255, -0.16162843001635, 0.4956125016008555, -0.6747805113935565, -0.6747805121679744, 2.98536274039698, -0.0686317171536336, 2.123158464216926, 0.9626748765643158, -0.6747805116685748, -0.6602475341100854, 1.7013305988814627, -0.17065896652782112, 1.8698762389274983, 0.07787534043646926, -0.3079757598923009, -0.3079757598923009, -0.6747805121480119], [-0.5237641797326145, -0.04847191922078362, -0.5264057003798704, -0.31781984521721585, 1.110659659666937, 1.311038903377511, -0.7360881129605361, -0.6829891124847871, -0.7249413585827019, -0.40046873698899665, 0.06387669276999625, 0.46495993254091633, -0.7443115565824342, -0.14729709545969974, 0.644708864965864, 0.007130328343440031, -0.7443115565880943, 1.1864381103514807, 1.1886167073311822, 0.9038270856631931, 0.2834288994303888, -0.2597282022008576, 0.5560456301187577, 1.0224105743776637, -0.35642576980494406, 0.016484680093357254, -0.4556833392748762, -0.6829891124847871, -0.6829891124847871, -0.7249413585827019], [-0.6364893290007744, -0.6104810427242375, -0.7221734350330737, -0.5087592317901103, -0.03431573911201523, 0.5239911719865636, 1.285646188521363, -0.7628462339987067, -0.41012795820616194, -0.7697293971049629, 0.1273717321558185, 1.2631014137945475, -0.7697293974181143, 0.17948405907091444, 1.409746195767427, 0.4802413023903283, -0.7697293974181143, -0.5438569677824417, 3.3636417560633416, 0.08345492857456996, 0.10706148930735898, -0.6514886244264704, 0.6150542055950551, 1.4508703340999336, -0.5305948483166518, -0.6363147259363482, -0.5972080228554638, -0.7628462339987067, -0.7628462339987067, -0.41012795820616194]], "covariances": [[[0.0004625631611312364, 0.0003045427638908463, 0.00030048363762563235, 0.0004923919983541905, 0.000344770720569555, 0.0003196595696253817, 0.00025064968725726556, 0.0002490705923794792, 0.0002490706022609214, 0.0014453658750251785, 0.001348302459289394, 0.0005193455256469962, 0.00024907060218685355, 0.00047576469062564776, 0.0007776179958087903, 0.0002490706022609214, 0.0002490706022609214, -0.0022275640102816024, -0.00016779375799299984, 0.00019480345140481033, -0.0005706037007190567, 0.0002490706022609214, 0.0003585917766339678, -0.005445526427116031, -0.0008658484107771151, -0.0005036987056670334, -5.5453690964955167e-05, 0.0002490705923794792, 0.0002490705923794792, 0.0002490706022609214], [0.0003045427638908463, 0.00031919738645751417, 0.0003147967617673719, 0.000305709311086362, 0.000305468142226646, 0.00029653762318997075, 0.00026362111442877187, 0.000265917666806227, 0.0002659176972297175, 0.0013621304849598152, 0.0012546912343623098, 0.00046280099560988655, 0.0002659176971444689, 0.00042589516887059093, 0.000630307483006721, 0.0002659176972297175, 0.0002659176972297175, -0.0018573770458208394, -0.0004178497603548607, 0.00014606342509795232, -0.0007494934226801477, 0.0002659176972297175, 0.0003468498167965846, -0.004224728748003733, -0.0012064472773538938, -0.0005478566499393415, -0.00012811799131026683, 0.000265917666806227, 0.000265917666806227, 0.0002659176972297175], [0.00030048363762563235, 0.0003147967617673719, 0.00031192666217313904, 0.00029999465553457756, 0.00030071151637586535, 0.00029203712773272076, 0.00026042757080692867, 0.0002627359524968307, 0.0002627359829038078, 0.0013439476288192199, 0.0012379923168855398, 0.000456111157553063, 0.0002627359828184734, 0.00042020534297012636, 0.0006195520417088829, 0.0002627359829038078, 0.0002627359829038078, -0.0018096366020530909, -0.00045306874704924613, 0.00013667243949635926, -0.0007207369317556086, 0.0002627359829038078, 0.0003427749505022745, -0.0041548253567184985, -0.0012149548575924776, -0.0005244357760624301, -0.0001245992935483547, 0.0002627359524968307, 0.0002627359524968307, 0.0002627359829038078], [0.0004923919983541905, 0.000305709311086362, 0.00029999465553457756, 0.0010432238616689732, 0.0004265609570583427, 0.00037917510177872774, 0.0002541492751273323, 0.00024630203243950134, 0.00024630206410108707, -0.00045784613147090164, -0.00038691768127930947, 5.8844488376202923e-05, 0.00024630206402568666, 0.000127915388897682, -2.971648432575056e-05, 0.00024630206410108707, 0.00024630206410108707, -0.0038928747542804347, -0.0024069874920451795, -0.00025516365024525546, -0.0010997345303035459, 0.00024630206410108707, 0.00025275782615141924, 0.002943465750664299, 0.0003133181035546944, -0.0006187066889439017, 3.372221279184528e-05, 0.00024630203243950134, 0.00024630203243950134, 0.00024630206410108707], [0.000344770720569555, 0.000305468142226646, 0.00030071151637586535, 0.0004265609570583427, 0.00035823434578562423, 0.0003174310136062316, 0.00025585052861498703, 0.00025525418441964547, 0.00025525421791251486, 0.0013373259852836738, 0.0012297469250669702, 0.0004447441395124737, 0.0002552542178314616, 0.0004202460405625667, 0.0006226760816282129, 0.00025525421791251486, 0.00025525421791251486, -0.0023350596312592866, -0.00038901002296683873, 0.00013946308421017702, -7.726881959639293e-05, 0.00025525421791251486, 0.0003922918351034619, -0.004814897686409577, -0.0009201671013035102, -0.0005671539468456122, -8.925196787653923e-05, 0.00025525418441964547, 0.00025525418441964547, 0.00025525421791251486], [0.0003196595696253817, 0.00029653762318997075, 0.00029203712773272076, 0.00037917510177872774, 0.0003174310136062316, 0.00031552398919210454, 0.0002525780646609135, 0.00025334785932086995, 0.00025334788653502704, 0.0011452352404396579, 0.0010569994572363778, 0.00040315417611867896, 0.0002533478865063021, 0.0003833865046510727, 0.0005403442926082196, 0.00025334788653502704, 0.00025334788653502704, -0.0020835134096132512, -0.00033038045342613303, 0.00014920659821514458, -0.0005437297066170026, 0.00025334788653502704, 0.00034382086950286256, -0.003845929236139407, -0.00101116155585877, -0.0005531946541448156, -0.00010731150990273291, 0.00025334785932086995, 0.00025334785932086995, 0.00025334788653502704], [0.00025064968725726556, 0.00026362111442877187, 0.00026042757080692867, 0.0002541492751273323, 0.00025585052861498703, 0.0002525780646609135, 0.000266123820130824, 0.0002671795696581365, 0.00026717958655916396, 0.0007178586666952893, 0.0006537848906489846, 0.0002889715183691385, 0.0002671795865462751, 0.00027058051926312585, 0.00027870943924414245, 0.00026717958655916396, 0.00026717958655916396, -0.0016273374315123848, -0.0009234645324641947, 2.6125609111867097e-05, -0.0009503329389228748, 0.00026717958655916396, 0.0002974638873136471, -0.0015143579258937165, -0.0011330759213451806, -0.0004748523246963378, -0.00011808974515503356, 0.0002671795696581365, 0.0002671795696581365, 0.00026717958655916396], [0.0002490705923794792, 0.000265917666806227, 0.0002627359524968307, 0.00024630203243950134, 0.00025525418441964547, 0.00025334785932086995, 0.0002671795696581365, 0.00026985266406373825, 0.00026985258409047825, 0.0007338217083613447, 0.0006691085912904476, 0.0002946653132553184, 0.00026985258432333457, 0.00027604364900582886, 0.00028760787970268835, 0.00026985258409047825, 0.00026985258409047825, -0.0016104337616851332, -0.0008823890678992249, 3.5659535577707826e-05, -0.0009616210652802026, 0.00026985258409047825, 0.00030105499476708314, -0.001589030703320984, -0.0011793635364266452, -0.000479316848796147, -0.0001242880430397141, 0.00026985266406373825, 0.00026985266406373825, 0.00026985258409047825], [0.0002490706022609214, 0.0002659176972297175, 0.0002627359829038078, 0.00024630206410108707, 0.00025525421791251486, 0.00025334788653502704, 0.00026717958655916396, 0.00026985258409047825, 0.0002698526187692372, 0.0007338224563058513, 0.0006691091807584606, 0.00029466529367067567, 0.00026985261867859013, 0.0002760436832486207, 0.00028760791432387155, 0.0002698526187692372, 0.0002698526187692372, -0.001610434435933749, -0.0008823886800254075, 3.565905643912314e-05, -0.0009616211456075437, 0.0002698526187692372, 0.00030105503106383786, -0.0015890306693540608, -0.0011793635685577763, -0.00047931742938038665, -0.00012428818924996863, 0.00026985258409047825, 0.00026985258409047825, 0.0002698526187692372], [0.0014453658750251785, 0.0013621304849598152, 0.0013439476288192199, -0.00045784613147090164, 0.0013373259852836738, 0.0011452352404396579, 0.0007178586666952893, 0.0007338217083613447, 0.0007338224563058513, 0.03971240078621265, 0.036499554277155725, 0.009552608804722041, 0.0007338224534570596, 0.008122070864660415, 0.018204424244507023, 0.0007338224563058513, 0.0007338224563058513, -0.00012169150955221177, 0.014681025933560597, 0.0037238094242929296, 0.010617301399340468, 0.0007338224563058513, 0.002838417681536675, -0.1445387457346963, -0.00960672146581606, -0.002433878881201297, -0.0007489934345448322, 0.0007338217083613447, 0.0007338217083613447, 0.0007338224563058513], [0.001348302459289394, 0.0012546912343623098, 0.0012379923168855398, -0.00038691768127930947, 0.0012297469250669702, 0.0010569994572363778, 0.0006537848906489846, 0.0006691085912904476, 0.0006691091807584606, 0.036499554277155725, 0.03362970474703391, 0.00889951776778312, 0.0006691091785572061, 0.007550207043543918, 0.016920382770833936, 0.0006691091807584606, 0.0006691091807584606, 0.00041887967421654705, 0.012879469206077555, 0.003315742995698383, 0.009430107542565846, 0.0006691091807584606, 0.0025801621977491933, -0.1327135725251058, -0.00902419632726953, -0.0021229471918029898, -0.0006795926369108935, 0.0006691085912904476, 0.0006691085912904476, 0.0006691091807584606], [0.0005193455256469962, 0.00046280099560988655, 0.000456111157553063, 5.8844488376202923e-05, 0.0004447441395124737, 0.00040315417611867896, 0.0002889715183691385, 0.0002946653132553184, 0.00029466529367067567, 0.009552608804722041, 0.00889951776778312, 0.0026730587672398496, 0.0002946652937980506, 0.0022437259831548785, 0.004845252967103572, 0.00029466529367067567, 0.00029466529367067567, 0.0004887062921970208, 0.0019268923816105352, 0.0007126316235127854, 0.001062725573538609, 0.00029466529367067567, 0.0007989704969555037, -0.034386683043155765, -0.0032885945632971725, -0.0005924375193474239, -0.00022233523512137025, 0.0002946653132553184, 0.0002946653132553184, 0.00029466529367067567], [0.00024907060218685355, 0.0002659176971444689, 0.0002627359828184734, 0.00024630206402568666, 0.0002552542178314616, 0.0002533478865063021, 0.0002671795865462751, 0.00026985258432333457, 0.00026985261867859013, 0.0007338224534570596, 0.0006691091785572061, 0.0002946652937980506, 0.00026985261860931975, 0.00027604368323459955, 0.0002876079143766716, 0.00026985261867859013, 0.00026985261867859013, -0.0016104344331590225, -0.0008823886814749529, 3.565905793256744e-05, -0.0009616211456858326, 0.00026985261867859013, 0.0003010550309665088, -0.0015890306690914545, -0.0011793635684720894, -0.0004793174275973658, -0.0001242881888737479, 0.00026985258432333457, 0.00026985258432333457, 0.00026985261867859013], [0.00047576469062564776, 0.00042589516887059093, 0.00042020534297012636, 0.000127915388897682, 0.0004202460405625667, 0.0003833865046510727, 0.00027058051926312585, 0.00027604364900582886, 0.0002760436832486207, 0.008122070864660415, 0.007550207043543918, 0.0022437259831548785, 0.00027604368323459955, 0.002011601288084528, 0.0042993449222598085, 0.0002760436832486207, 0.0002760436832486207, 0.00011992400367621364, 0.0024922322950675234, 0.0007983226265340869, 0.0012240746055555997, 0.0002760436832486207, 0.0008142891006969546, -0.03071500429709775, -0.003130034637534097, -0.0005973266231346515, -0.00024181387780344466, 0.00027604364900582886, 0.00027604364900582886, 0.0002760436832486207], [0.0007776179958087903, 0.000630307483006721, 0.0006195520417088829, -2.971648432575056e-05, 0.0006226760816282129, 0.0005403442926082196, 0.00027870943924414245, 0.00028760787970268835, 0.00028760791432387155, 0.018204424244507023, 0.016920382770833936, 0.004845252967103572, 0.0002876079143766716, 0.0042993449222598085, 0.009880877286234014, 0.00028760791432387155, 0.00028760791432387155, 0.002162916981226366, 0.007629107856020712, 0.0019174942915077579, 0.0038235628192308134, 0.00028760791432387155, 0.0014810385927224298, -0.0703154487224109, -0.005635741690504916, -0.0007971577370650246, -0.0004440165564489063, 0.00028760787970268835, 0.00028760787970268835, 0.00028760791432387155], [0.0002490706022609214, 0.0002659176972297175, 0.0002627359829038078, 0.00024630206410108707, 0.00025525421791251486, 0.00025334788653502704, 0.00026717958655916396, 0.00026985258409047825, 0.0002698526187692372, 0.0007338224563058513, 0.0006691091807584606, 0.00029466529367067567, 0.00026985261867859013, 0.0002760436832486207, 0.00028760791432387155, 0.0002698526187692372, 0.0002698526187692372, -0.001610434435933749, -0.0008823886800254075, 3.565905643912314e-05, -0.0009616211456075437, 0.0002698526187692372, 0.00030105503106383786, -0.0015890306693540608, -0.0011793635685577763, -0.00047931742938038665, -0.00012428818924996863, 0.00026985258409047825, 0.00026985258409047825, 0.0002698526187692372], [0.0002490706022609214, 0.0002659176972297175, 0.0002627359829038078, 0.00024630206410108707, 0.00025525421791251486, 0.00025334788653502704, 0.00026717958655916396, 0.00026985258409047825, 0.0002698526187692372, 0.0007338224563058513, 0.0006691091807584606, 0.00029466529367067567, 0.00026985261867859013, 0.0002760436832486207, 0.00028760791432387155, 0.0002698526187692372, 0.0002698526187692372, -0.001610434435933749, -0.0008823886800254075, 3.565905643912314e-05, -0.0009616211456075437, 0.0002698526187692372, 0.00030105503106383786, -0.0015890306693540608, -0.0011793635685577763, -0.00047931742938038665, -0.00012428818924996863, 0.00026985258409047825, 0.00026985258409047825, 0.0002698526187692372], [-0.0022275640102816024, -0.0018573770458208394, -0.0018096366020530909, -0.0038928747542804347, -0.0023350596312592866, -0.0020835134096132512, -0.0016273374315123848, -0.0016104337616851332, -0.001610434435933749, -0.00012169150955221177, 0.00041887967421654705, 0.0004887062921970208, -0.0016104344331590225, 0.00011992400367621364, 0.002162916981226366, -0.001610434435933749, -0.001610434435933749, 0.03952428131722742, -0.00708739715460979, -0.0024656839011033467, -0.01009588833035703, -0.001610434435933749, -0.0020023665471597283, 0.004474344959795173, -0.0021504902353468632, 0.006398143335053097, 0.0006635918974412228, -0.0016104337616851332, -0.0016104337616851332, -0.001610434435933749], [-0.00016779375799299984, -0.0004178497603548607, -0.00045306874704924613, -0.0024069874920451795, -0.00038901002296683873, -0.00033038045342613303, -0.0009234645324641947, -0.0008823890678992249, -0.0008823886800254075, 0.014681025933560597, 0.012879469206077555, 0.0019268923816105352, -0.0008823886814749529, 0.0024922322950675234, 0.007629107856020712, -0.0008823886800254075, -0.0008823886800254075, -0.00708739715460979, 0.10868660634579896, 0.02051509662796592, 0.014179810839930406, -0.0008823886800254075, 0.0024325734787172975, -0.1532594496487492, -0.009095110605576195, -0.0011335450563133825, -0.0018172584479016988, -0.0008823890678992249, -0.0008823890678992249, -0.0008823886800254075], [0.00019480345140481033, 0.00014606342509795232, 0.00013667243949635926, -0.00025516365024525546, 0.00013946308421017702, 0.00014920659821514458, 2.6125609111867097e-05, 3.5659535577707826e-05, 3.565905643912314e-05, 0.0037238094242929296, 0.003315742995698383, 0.0007126316235127854, 3.565905793256744e-05, 0.0007983226265340869, 0.0019174942915077579, 3.565905643912314e-05, 3.565905643912314e-05, -0.0024656839011033467, 0.02051509662796592, 0.004083061252432577, 0.0019244502997255214, 3.565905643912314e-05, 0.0007136943524635179, -0.032131636406027425, -0.0028875637843413984, -0.0006123640159815826, -0.0004651592908321005, 3.5659535577707826e-05, 3.5659535577707826e-05, 3.565905643912314e-05], [-0.0005706037007190567, -0.0007494934226801477, -0.0007207369317556086, -0.0010997345303035459, -7.726881959639293e-05, -0.0005437297066170026, -0.0009503329389228748, -0.0009616210652802026, -0.0009616211456075437, 0.010617301399340468, 0.009430107542565846, 0.001062725573538609, -0.0009616211456858326, 0.0012240746055555997, 0.0038235628192308134, -0.0009616211456075437, -0.0009616211456075437, -0.01009588833035703, 0.014179810839930406, 0.0019244502997255214, 0.06614840694752906, -0.0009616211456075437, 0.0015774861758155118, -0.07356712493774642, -0.008789706612572138, -0.0017781818631276438, -0.0023905343392698207, -0.0009616210652802026, -0.0009616210652802026, -0.0009616211456075437], [0.0002490706022609214, 0.0002659176972297175, 0.0002627359829038078, 0.00024630206410108707, 0.00025525421791251486, 0.00025334788653502704, 0.00026717958655916396, 0.00026985258409047825, 0.0002698526187692372, 0.0007338224563058513, 0.0006691091807584606, 0.00029466529367067567, 0.00026985261867859013, 0.0002760436832486207, 0.00028760791432387155, 0.0002698526187692372, 0.0002698526187692372, -0.001610434435933749, -0.0008823886800254075, 3.565905643912314e-05, -0.0009616211456075437, 0.0002698526187692372, 0.00030105503106383786, -0.0015890306693540608, -0.0011793635685577763, -0.00047931742938038665, -0.00012428818924996863, 0.00026985258409047825, 0.00026985258409047825, 0.0002698526187692372], [0.0003585917766339678, 0.0003468498167965846, 0.0003427749505022745, 0.00025275782615141924, 0.0003922918351034619, 0.00034382086950286256, 0.0002974638873136471, 0.00030105499476708314, 0.00030105503106383786, 0.002838417681536675, 0.0025801621977491933, 0.0007989704969555037, 0.0003010550309665088, 0.0008142891006969546, 0.0014810385927224298, 0.00030105503106383786, 0.00030105503106383786, -0.0020023665471597283, 0.0024325734787172975, 0.0007136943524635179, 0.0015774861758155118, 0.00030105503106383786, 0.0008500053082190192, -0.014071898622837281, -0.0021649242820428105, -0.0006610598829928973, -0.0002304341824345613, 0.00030105499476708314, 0.00030105499476708314, 0.00030105503106383786], [-0.005445526427116031, -0.004224728748003733, -0.0041548253567184985, 0.002943465750664299, -0.004814897686409577, -0.003845929236139407, -0.0015143579258937165, -0.001589030703320984, -0.0015890306693540608, -0.1445387457346963, -0.1327135725251058, -0.034386683043155765, -0.0015890306690914545, -0.03071500429709775, -0.0703154487224109, -0.0015890306693540608, -0.0015890306693540608, 0.004474344959795173, -0.1532594496487492, -0.032131636406027425, -0.07356712493774642, -0.0015890306693540608, -0.014071898622837281, 0.659187682357165, 0.04609168578524075, 0.007111443820476794, 0.00419248277059056, -0.001589030703320984, -0.001589030703320984, -0.0015890306693540608], [-0.0008658484107771151, -0.0012064472773538938, -0.0012149548575924776, 0.0003133181035546944, -0.0009201671013035102, -0.00101116155585877, -0.0011330759213451806, -0.0011793635364266452, -0.0011793635685577763, -0.00960672146581606, -0.00902419632726953, -0.0032885945632971725, -0.0011793635684720894, -0.003130034637534097, -0.005635741690504916, -0.0011793635685577763, -0.0011793635685577763, -0.0021504902353468632, -0.009095110605576195, -0.0028875637843413984, -0.008789706612572138, -0.0011793635685577763, -0.0021649242820428105, 0.04609168578524075, 0.021815769977700586, 0.0017027618517338945, 0.0028154756308431416, -0.0011793635364266452, -0.0011793635364266452, -0.0011793635685577763], [-0.0005036987056670334, -0.0005478566499393415, -0.0005244357760624301, -0.0006187066889439017, -0.0005671539468456122, -0.0005531946541448156, -0.0004748523246963378, -0.000479316848796147, -0.00047931742938038665, -0.002433878881201297, -0.0021229471918029898, -0.0005924375193474239, -0.0004793174275973658, -0.0005973266231346515, -0.0007971577370650246, -0.00047931742938038665, -0.00047931742938038665, 0.006398143335053097, -0.0011335450563133825, -0.0006123640159815826, -0.0017781818631276438, -0.00047931742938038665, -0.0006610598829928973, 0.007111443820476794, 0.0017027618517338945, 0.0029377835262946236, 0.0006825201045956927, -0.000479316848796147, -0.000479316848796147, -0.00047931742938038665], [-5.5453690964955167e-05, -0.00012811799131026683, -0.0001245992935483547, 3.372221279184528e-05, -8.925196787653923e-05, -0.00010731150990273291, -0.00011808974515503356, -0.0001242880430397141, -0.00012428818924996863, -0.0007489934345448322, -0.0006795926369108935, -0.00022233523512137025, -0.0001242881888737479, -0.00024181387780344466, -0.0004440165564489063, -0.00012428818924996863, -0.00012428818924996863, 0.0006635918974412228, -0.0018172584479016988, -0.0004651592908321005, -0.0023905343392698207, -0.00012428818924996863, -0.0002304341824345613, 0.00419248277059056, 0.0028154756308431416, 0.0006825201045956927, 0.0005937628480057835, -0.0001242880430397141, -0.0001242880430397141, -0.00012428818924996863], [0.0002490705923794792, 0.000265917666806227, 0.0002627359524968307, 0.00024630203243950134, 0.00025525418441964547, 0.00025334785932086995, 0.0002671795696581365, 0.00026985266406373825, 0.00026985258409047825, 0.0007338217083613447, 0.0006691085912904476, 0.0002946653132553184, 0.00026985258432333457, 0.00027604364900582886, 0.00028760787970268835, 0.00026985258409047825, 0.00026985258409047825, -0.0016104337616851332, -0.0008823890678992249, 3.5659535577707826e-05, -0.0009616210652802026, 0.00026985258409047825, 0.00030105499476708314, -0.001589030703320984, -0.0011793635364266452, -0.000479316848796147, -0.0001242880430397141, 0.00026985266406373825, 0.00026985266406373825, 0.00026985258409047825], [0.0002490705923794792, 0.000265917666806227, 0.0002627359524968307, 0.00024630203243950134, 0.00025525418441964547, 0.00025334785932086995, 0.0002671795696581365, 0.00026985266406373825, 0.00026985258409047825, 0.0007338217083613447, 0.0006691085912904476, 0.0002946653132553184, 0.00026985258432333457, 0.00027604364900582886, 0.00028760787970268835, 0.00026985258409047825, 0.00026985258409047825, -0.0016104337616851332, -0.0008823890678992249, 3.5659535577707826e-05, -0.0009616210652802026, 0.00026985258409047825, 0.00030105499476708314, -0.001589030703320984, -0.0011793635364266452, -0.000479316848796147, -0.0001242880430397141, 0.00026985266406373825, 0.00026985266406373825, 0.00026985258409047825], [0.0002490706022609214, 0.0002659176972297175, 0.0002627359829038078, 0.00024630206410108707, 0.00025525421791251486, 0.00025334788653502704, 0.00026717958655916396, 0.00026985258409047825, 0.0002698526187692372, 0.0007338224563058513, 0.0006691091807584606, 0.00029466529367067567, 0.00026985261867859013, 0.0002760436832486207, 0.00028760791432387155, 0.0002698526187692372, 0.0002698526187692372, -0.001610434435933749, -0.0008823886800254075, 3.565905643912314e-05, -0.0009616211456075437, 0.0002698526187692372, 0.00030105503106383786, -0.0015890306693540608, -0.0011793635685577763, -0.00047931742938038665, -0.00012428818924996863, 0.00026985258409047825, 0.00026985258409047825, 0.0002698526187692372]], [[0.005707924599406887, 0.0007702221565105546, 0.0007203353605631314, 0.000484501012178287, -0.0010931308911733696, -0.0010532497946412693, 0.0002731996095980302, 0.008437751484534566, -0.00045830642469319534, -0.01716846614885282, -0.013892116107020376, -0.0014515242913303163, -0.0004884397381855315, -0.0017621156425456485, -0.00339556075837968, -0.00045830642189165644, -0.0004583064250170366, -0.007683149156190792, -0.0032826707374060678, -0.0015404180566773486, -0.014321012347220576, -0.00045830641763485065, -0.0012554843861695751, 0.009797526349575068, 0.0029984812784578825, 0.018010347847424387, 0.0066030775024053575, 0.008437751484534566, 0.008437751484534566, -0.00045830642469319534], [0.0007702221565105546, 0.0014012544695680576, 0.001369434621194976, 0.0013860320848144364, 0.0014435098323283765, 0.0013779722392013856, 0.00061900014153443, -0.002489815303900865, 0.0015458698400437542, -0.00425686035083101, -0.0016248932081182545, 0.004295555064190944, 0.0015797581594678748, 0.00288689334829847, 0.004517769765322761, 0.0015458704636509047, 0.0015458698171767048, 0.011147493778822706, 0.000524361661584145, -0.0028603895534905447, -0.00734666344743911, 0.0015458703663606573, 0.0016052800422153585, -0.004981748711291196, -0.000751937851436817, -0.011236944739964672, -0.0021250039180560616, -0.002489815303900865, -0.002489815303900865, 0.0015458698400437542], [0.0007203353605631314, 0.001369434621194976, 0.0013507794804481876, 0.0013598802476976854, 0.0014346823573384278, 0.0013579921561176433, 0.0005657931069326892, -0.002660338403121867, 0.0015265387352196632, -0.003611366365143953, -0.0011294652020016633, 0.004263166448890281, 0.0015596080503187618, 0.002885957474002494, 0.004557443085489346, 0.0015265388710079411, 0.0015265387304494124, 0.011351523941089528, 0.0005355540087053064, -0.003291275166774608, -0.006869021226909756, 0.0015265388425898163, 0.001604319408683939, -0.005120462294624967, -0.0008150873767555815, -0.011489711777538601, -0.002241759042844157, -0.002660338403121867, -0.002660338403121867, 0.0015265387352196632], [0.000484501012178287, 0.0013860320848144364, 0.0013598802476976854, 0.0016739245682772421, 0.0018340204336026145, 0.001698406423956067, 0.0007749812052223682, -0.002630277155355217, 0.0016279631032078841, -0.0026684437340386115, -6.20570822852426e-05, 0.004818381369507259, 0.0016857962655288299, 0.0034387413897033845, 0.005677903906001713, 0.0016279634218006173, 0.0016279630931003164, 0.012897883106735652, 0.0009693488926418405, -0.006137068719982132, -0.009570838278632221, 0.0016279633414774503, 0.002021486434953586, -0.0033629204868988066, -0.0013312588042268584, -0.015066125555841995, -0.002771559275643605, -0.002630277155355217, -0.002630277155355217, 0.0016279631032078841], [-0.0010931308911733696, 0.0014435098323283765, 0.0014346823573384278, 0.0018340204336026145, 0.0034161384517259735, 0.0024566168846708444, 0.0003965842237730979, -0.00842331665274295, 0.0021348956590702, 0.010511286439578263, 0.011174380572489978, 0.006624744959535976, 0.002171202376520878, 0.005074021756056622, 0.008779248448803194, 0.002134897510093133, 0.0021348955996302425, 0.021867962287233113, 0.003700885903619691, -0.012298328171107598, -0.0009558066571382978, 0.002134897079550996, 0.004084254423642608, -0.014409002005576118, -0.0036569514197850573, -0.030023978561296575, -0.00793687319402858, -0.00842331665274295, -0.00842331665274295, 0.0021348956590702], [-0.0010532497946412693, 0.0013779722392013856, 0.0013579921561176433, 0.001698406423956067, 0.0024566168846708444, 0.0025867718914531256, 0.0010750754272013732, -0.005589851535510085, 0.001960398586352229, 0.000317455384891622, 0.0025695639358149264, 0.005494527287902039, 0.002057279871398986, 0.0043091741122566205, 0.007174383371699528, 0.0019604006204955713, 0.0019603985194360666, 0.015922615514496394, 0.0020609001516429613, -0.0038101907909213442, -0.005081596086232657, 0.001960400172698836, 0.0026631738113427118, -0.006868218564399906, -0.0022998591952445705, -0.021534526177787155, -0.005506709733624008, -0.005589851535510085, -0.005589851535510085, 0.001960398586352229], [0.0002731996095980302, 0.00061900014153443, 0.0005657931069326892, 0.0007749812052223682, 0.0003965842237730979, 0.0010750754272013732, 0.0024842596940320622, 0.0024058055091783553, 0.0005864324435859014, -0.011867860449424271, -0.008711177301780504, 0.0009118366241220263, 0.0006794324590566452, 0.0008747418143352536, 0.0010904082950069064, 0.0005864323273117798, 0.0005864324474034008, 0.0007044213160630099, 0.0005086472222454682, 0.007918089664260995, -0.005861512997839895, 0.0005864323508904844, 0.0001246799848615769, 0.0017967611900480268, 9.812785742648466e-05, -0.0025112248195359723, -0.0020938428074523353, 0.0024058055091783553, 0.0024058055091783553, 0.0005864324435859014], [0.008437751484534566, -0.002489815303900865, -0.002660338403121867, -0.002630277155355217, -0.00842331665274295, -0.005589851535510085, 0.0024058055091783553, 0.04809279647839014, -0.005709282654036148, -0.08477373131183935, -0.0723656329524849, -0.015440947220825956, -0.005621675951782001, -0.013790091373360416, -0.02465026082434312, -0.005709283001869536, -0.005709282644110555, -0.07312926998672634, -0.01666819984302122, -0.00011397544120161659, -0.0574312433933862, -0.005709282893510883, -0.010403084190725703, 0.09585469992743462, 0.01697857845306783, 0.1165540129020418, 0.04021888767646368, 0.04809279647839014, 0.04809279647839014, -0.005709282654036148], [-0.00045830642469319534, 0.0015458698400437542, 0.0015265387352196632, 0.0016279631032078841, 0.0021348956590702, 0.001960398586352229, 0.0005864324435859014, -0.005709282654036148, 0.002094822909275268, 0.0003400989716488715, 0.0026290666473007397, 0.0060604987040611576, 0.0021326209745815713, 0.004191886634152186, 0.006828659426469555, 0.0020948228563144418, 0.002094822910797801, 0.01703294866917506, 0.001646938527040439, -0.003396812734721179, -0.0058227479912672615, 0.002094822860171137, 0.0024459505168912083, -0.00990327810624436, -0.0019061252407032061, -0.019906501164978746, -0.004643262259917954, -0.005709282654036148, -0.005709282654036148, 0.002094822909275268], [-0.01716846614885282, -0.00425686035083101, -0.003611366365143953, -0.0026684437340386115, 0.010511286439578263, 0.000317455384891622, -0.011867860449424271, -0.08477373131183935, 0.0003400989716488715, 0.28135850480156543, 0.22173908232344844, -0.0019017285193784804, -6.226262260414071e-05, 0.012265503151928666, 0.028990460991328827, 0.0003400986301927313, 0.00034009898149385873, 0.10295938650691652, 0.02873567825282379, -0.08311853736475185, 0.15523435621686835, 0.00034009873419161126, 0.01646488682957295, -0.1482845253419084, -0.03930994960759821, -0.2153244113965699, -0.07838148935147925, -0.08477373131183935, -0.08477373131183935, 0.0003400989716488715], [-0.013892116107020376, -0.0016248932081182545, -0.0011294652020016633, -6.20570822852426e-05, 0.011174380572489978, 0.0025695639358149264, -0.008711177301780504, -0.0723656329524849, 0.0026290666473007397, 0.22173908232344844, 0.17882283771688548, 0.006841643305825113, 0.0023574825634437484, 0.015555489471732914, 0.03328727212692701, 0.002629066444239524, 0.0026290666549951144, 0.10529584696931224, 0.02406641049891279, -0.08354807226559051, 0.1091152917591283, 0.0026290664722368505, 0.016469007711280806, -0.12212719561193221, -0.03319353917599693, -0.19301235294141933, -0.066041874067675, -0.0723656329524849, -0.0723656329524849, 0.0026290666473007397], [-0.0014515242913303163, 0.004295555064190944, 0.004263166448890281, 0.004818381369507259, 0.006624744959535976, 0.005494527287902039, 0.0009118366241220263, -0.015440947220825956, 0.0060604987040611576, -0.0019017285193784804, 0.006841643305825113, 0.022358954551173097, 0.0060725028215287274, 0.013177926242108283, 0.02258657327490901, 0.0060604988599009275, 0.006060498704191643, 0.05546739590208639, 0.003703521491930457, -0.024610376438988543, -0.028721188801103827, 0.006060498725156313, 0.008038620525694406, -0.02456687029445646, -0.00480476724263073, -0.0537517199099166, -0.00882682640649239, -0.015440947220825956, -0.015440947220825956, 0.0060604987040611576], [-0.0004884397381855315, 0.0015797581594678748, 0.0015596080503187618, 0.0016857962655288299, 0.002171202376520878, 0.002057279871398986, 0.0006794324590566452, -0.005621675951782001, 0.0021326209745815713, -6.226262260414071e-05, 0.0023574825634437484, 0.0060725028215287274, 0.0022051054969188474, 0.004319887648002842, 0.00702288047057533, 0.0021326209001192643, 0.002132620977292755, 0.01712444784598855, 0.0015825072814327284, -0.0038980392502266955, -0.006664322126151176, 0.0021326209084564993, 0.0024637934678450987, -0.008840568388953855, -0.0018946123591928933, -0.020063465960788583, -0.004768051211610645, -0.005621675951782001, -0.005621675951782001, 0.0021326209745815713], [-0.0017621156425456485, 0.00288689334829847, 0.002885957474002494, 0.0034387413897033845, 0.005074021756056622, 0.0043091741122566205, 0.0008747418143352536, -0.013790091373360416, 0.004191886634152186, 0.012265503151928666, 0.015555489471732914, 0.013177926242108283, 0.004319887648002842, 0.010366013510600392, 0.018201462018825717, 0.004191886661283846, 0.004191886636203744, 0.043071479823706633, 0.0036685781340783353, -0.024109248649216545, -0.012787447638564238, 0.004191886601141619, 0.006138102216005824, -0.016786968592262263, -0.005940285815460648, -0.05212188846807301, -0.012315176352372424, -0.013790091373360416, -0.013790091373360416, 0.004191886634152186], [-0.00339556075837968, 0.004517769765322761, 0.004557443085489346, 0.005677903906001713, 0.008779248448803194, 0.007174383371699528, 0.0010904082950069064, -0.02465026082434312, 0.006828659426469555, 0.028990460991328827, 0.03328727212692701, 0.02258657327490901, 0.00702288047057533, 0.018201462018825717, 0.03296077391076827, 0.006828659607948628, 0.006828659427512998, 0.07744468761680459, 0.006371844370224222, -0.05162860282693394, -0.02086710751282675, 0.0068286594492562545, 0.010818642500306683, -0.027172497582830853, -0.011200295892138775, -0.09353219246035492, -0.021878011984155843, -0.02465026082434312, -0.02465026082434312, 0.006828659426469555], [-0.00045830642189165644, 0.0015458704636509047, 0.0015265388710079411, 0.0016279634218006173, 0.002134897510093133, 0.0019604006204955713, 0.0005864323273117798, -0.005709283001869536, 0.0020948228563144418, 0.0003400986301927313, 0.002629066444239524, 0.0060604988599009275, 0.0021326209001192643, 0.004191886661283846, 0.006828659607948628, 0.0020948235912087647, 0.0020948228373714284, 0.017032946849625866, 0.0016469398170911877, -0.0033968141917649695, -0.005822748674554277, 0.0020948232909730113, 0.0024459517888361397, -0.009903278619856532, -0.0019061254280383448, -0.01990650304857182, -0.004643262815493947, -0.005709283001869536, -0.005709283001869536, 0.0020948228563144418], [-0.0004583064250170366, 0.0015458698171767048, 0.0015265387304494124, 0.0016279630931003164, 0.0021348955996302425, 0.0019603985194360666, 0.0005864324474034008, -0.005709282644110555, 0.002094822910797801, 0.00034009898149385873, 0.0026290666549951144, 0.006060498704191643, 0.002132620977292755, 0.004191886636203744, 0.006828659427512998, 0.0020948228373714284, 0.0020948229134815726, 0.017032948744207486, 0.0016469384783191804, -0.0033968126902467403, -0.00582274797105445, 0.0020948228453310388, 0.002445950480211837, -0.00990327809536877, -0.001906125237268382, -0.019906501113702697, -0.004643262244414656, -0.005709282644110555, -0.005709282644110555, 0.002094822910797801], [-0.007683149156190792, 0.011147493778822706, 0.011351523941089528, 0.012897883106735652, 0.021867962287233113, 0.015922615514496394, 0.0007044213160630099, -0.07312926998672634, 0.01703294866917506, 0.10295938650691652, 0.10529584696931224, 0.05546739590208639, 0.01712444784598855, 0.043071479823706633, 0.07744468761680459, 0.017032946849625866, 0.017032948744207486, 0.20399595330502618, 0.019487576770233925, -0.1119860538458739, -0.013055896159885083, 0.017032946939216795, 0.027680418325591125, -0.11884199956564055, -0.03073193739382746, -0.24600047370213998, -0.06389651309776984, -0.07312926998672634, -0.07312926998672634, 0.01703294866917506], [-0.0032826707374060678, 0.000524361661584145, 0.0005355540087053064, 0.0009693488926418405, 0.003700885903619691, 0.0020609001516429613, 0.0005086472222454682, -0.01666819984302122, 0.001646938527040439, 0.02873567825282379, 0.02406641049891279, 0.003703521491930457, 0.0015825072814327284, 0.0036685781340783353, 0.006371844370224222, 0.0016469398170911877, 0.0016469384783191804, 0.019487576770233925, 0.014123843932950669, 0.03288422099142246, 0.04175851607879347, 0.001646939588884544, 0.004324754854138876, -0.05638837535145323, -0.008676207461676869, -0.05539114884901475, -0.023498843507142424, -0.01666819984302122, -0.01666819984302122, 0.001646938527040439], [-0.0015404180566773486, -0.0028603895534905447, -0.003291275166774608, -0.006137068719982132, -0.012298328171107598, -0.0038101907909213442, 0.007918089664260995, -0.00011397544120161659, -0.003396812734721179, -0.08311853736475185, -0.08354807226559051, -0.024610376438988543, -0.0038980392502266955, -0.024109248649216545, -0.05162860282693394, -0.0033968141917649695, -0.0033968126902467403, -0.1119860538458739, 0.03288422099142246, 0.47531568779950695, 0.15523156877859953, -0.003396813805954254, -0.017574626854267753, -0.18302804179663626, -0.003679361607713611, 0.007230881678473023, -0.04413582507209684, -0.00011397544120161659, -0.00011397544120161659, -0.003396812734721179], [-0.014321012347220576, -0.00734666344743911, -0.006869021226909756, -0.009570838278632221, -0.0009558066571382978, -0.005081596086232657, -0.005861512997839895, -0.0574312433933862, -0.0058227479912672615, 0.15523435621686835, 0.1091152917591283, -0.028721188801103827, -0.006664322126151176, -0.012787447638564238, -0.02086710751282675, -0.005822748674554277, -0.00582274797105445, -0.013055896159885083, 0.04175851607879347, 0.15523156877859953, 0.3054380528616436, -0.005822748442215315, -0.0016056312004310523, -0.21698250102814443, -0.02598035321914325, -0.11277554896734289, -0.0759238667495109, -0.0574312433933862, -0.0574312433933862, -0.0058227479912672615], [-0.00045830641763485065, 0.0015458703663606573, 0.0015265388425898163, 0.0016279633414774503, 0.002134897079550996, 0.001960400172698836, 0.0005864323508904844, -0.005709282893510883, 0.002094822860171137, 0.00034009873419161126, 0.0026290664722368505, 0.006060498725156313, 0.0021326209084564993, 0.004191886601141619, 0.0068286594492562545, 0.0020948232909730113, 0.0020948228453310388, 0.017032946939216795, 0.001646939588884544, -0.003396813805954254, -0.005822748442215315, 0.0020948232113137144, 0.0024459514151240103, -0.009903278331419851, -0.0019061253407563583, -0.019906502399204072, -0.004643262637475429, -0.005709282893510883, -0.005709282893510883, 0.002094822860171137], [-0.0012554843861695751, 0.0016052800422153585, 0.001604319408683939, 0.002021486434953586, 0.004084254423642608, 0.0026631738113427118, 0.0001246799848615769, -0.010403084190725703, 0.0024459505168912083, 0.01646488682957295, 0.016469007711280806, 0.008038620525694406, 0.0024637934678450987, 0.006138102216005824, 0.010818642500306683, 0.0024459517888361397, 0.002445950480211837, 0.027680418325591125, 0.004324754854138876, -0.017574626854267753, -0.0016056312004310523, 0.0024459514151240103, 0.005286416518341059, -0.018149711063630763, -0.004751177727378847, -0.03755453115528163, -0.00991717681309428, -0.010403084190725703, -0.010403084190725703, 0.0024459505168912083], [0.009797526349575068, -0.004981748711291196, -0.005120462294624967, -0.0033629204868988066, -0.014409002005576118, -0.006868218564399906, 0.0017967611900480268, 0.09585469992743462, -0.00990327810624436, -0.1482845253419084, -0.12212719561193221, -0.02456687029445646, -0.008840568388953855, -0.016786968592262263, -0.027172497582830853, -0.009903278619856532, -0.00990327809536877, -0.11884199956564055, -0.05638837535145323, -0.18302804179663626, -0.21698250102814443, -0.009903278331419851, -0.018149711063630763, 0.3425869605896129, 0.03687257258834277, 0.2412656496702642, 0.10554442776962765, 0.09