{"weights": [0.5035951346180875, 0.2923715777551302, 0.2040332876267823], "means": [[2.082327598839915, -0.5267298524267905, 0.057601424880508095, 0.2072183656567788, 0.04426929022500539, 0.05598694489542773, 0.02031510153371326, 0.003976252829137982], [-2.3482575781647754, -1.5940199299385354, 0.25424854865106405, -0.39362626614121765, -0.06689844489499207, -0.09756141287895992, -0.019774507338030708, -0.003138510957547385], [-1.774643140660447, 3.584242166244898, -0.5064999335647206, 0.05259422055156009, -0.013402691878382845, 0.0016145951663307549, -0.021805669230004657, -0.0053168293807517]], "cov": [[[0.024310521924136057, 0.010876308509423772, -0.0064596386784777984, -0.057737919507551055, -0.01918356465792705, -0.015187874609586358, -0.008276427122686602, 0.004714717587962529], [0.010876308509423772, 0.03187081778653778, -0.01604417437423182, -0.055553656772770875, -0.035700724436078135, -0.004772725360102, 0.0193781850997884, 0.004776720584192645], [-0.0064596386784777984, -0.01604417437423182, 0.018921177676437986, 0.08001781995391748, 0.030538728724579467, 0.008022005554749845, -0.016266277520703195, 0.006460583561851791], [-0.057737919507551055, -0.055553656772770875, 0.08001781995391748, 0.44837103312289084, 0.14351241839788592, 0.06981244160513556, -0.0212433997833527, 0.02970568545710055], [-0.01918356465792705, -0.035700724436078135, 0.030538728724579467, 0.14351241839788592, 0.068712517469069, 0.011552318119483863, -0.010431317769456078, 0.013929240132011649], [-0.015187874609586358, -0.004772725360102, 0.008022005554749845, 0.06981244160513556, 0.011552318119483863, 0.029588478450697054, -0.004268525091167114, -0.01221254593978726], [-0.008276427122686602, 0.0193781850997884, -0.016266277520703195, -0.0212433997833527, -0.010431317769456078, -0.004268525091167114, 0.0505410860959378, 0.009606158625877268], [0.004714717587962529, 0.004776720584192645, 0.006460583561851791, 0.02970568545710055, 0.013929240132011649, -0.01221254593978726, 0.009606158625877268, 0.02481964457058018]], [[7.30020281165566, 2.4805504590049976, -0.020693958494852838, -1.5426646605876404, -0.23335359197261815, -0.40396133965864073, -0.14022928030300533, -0.04560259188475125], [2.4805504590049976, 3.813030601834968, 1.6229443667988357, -0.5321640601957673, 0.11821722568802545, -0.10265258204230225, 0.008335751694923791, 0.014391917612250473], [-0.020693958494852838, 1.6229443667988357, 1.0397287425711392, 0.06380578766230562, 0.05273181673155764, 0.00016994300983628577, 0.00276332407751761, -0.023149802045670718], [-1.5426646605876404, -0.5321640601957673, 0.06380578766230562, 1.0348244735747631, -0.2880015436674485, -0.1682026704488257, 0.06406846413639725, -0.06036753146216833], [-0.23335359197261815, 0.11821722568802545, 0.05273181673155764, -0.2880015436674485, 0.7074199665365253, 0.013141635656118226, 0.10441366477973218, -0.027569416643140682], [-0.40396133965864073, -0.10265258204230225, 0.00016994300983628577, -0.1682026704488257, 0.013141635656118226, 0.25607877337933216, -0.0557063354523459, 0.03925506314593702], [-0.14022928030300533, 0.008335751694923791, 0.00276332407751761, 0.06406846413639725, 0.10441366477973218, -0.0557063354523459, 0.0785703420912761, 0.013971780109296091], [-0.04560259188475125, 0.014391917612250473, -0.023149802045670718, -0.06036753146216833, -0.027569416643140682, 0.03925506314593702, 0.013971780109296091, 0.16330088181616514]], [[0.11633043017045314, 0.12274532475485668, -0.29377167208039856, 0.0568652211735075, -0.09468682950818971, 0.0031717009783533657, 0.011721608275444577, 0.013277031152204384], [0.12274532475485668, 0.36067465991119585, 0.18503634785106873, 0.08146833726795524, -0.12849935170044993, 0.0030306700981935775, -0.00037437608787421165, -0.015355602977463747], [-0.29377167208039856, 0.18503634785106873, 3.7263741905596177, -0.14834377248891006, -0.139647641419351, 0.00835893934077227, 0.02946030800538959, 0.015111889258539821], [0.0568652211735075, 0.08146833726795524, -0.14834377248891006, 0.09477654524657415, -0.0011937613774245833, -0.015032795728883917, -0.059771846348266995, 0.009660345351225582], [-0.09468682950818971, -0.12849935170044993, -0.139647641419351, -0.0011937613774245833, 0.23612954880384898, -0.06279319470653982, -0.1282816712590012, 0.004319120464545199], [0.0031717009783533657, 0.0030306700981935775, 0.00835893934077227, -0.015032795728883917, -0.06279319470653982, 0.04892436786444259, 0.08482395378872255, -0.027087577211458904], [0.011721608275444577, -0.00037437608787421165, 0.02946030800538959, -0.059771846348266995, -0.1282816712590012, 0.08482395378872255, 0.21211191501517554, -0.04413517994386912], [0.013277031152204384, -0.015355602977463747, 0.015111889258539821, 0.009660345351225582, 0.004319120464545199, -0.027087577211458904, -0.04413517994386912, 0.03893932044526231]]]}