{"weights": [0.16327742755936242, 0.17561636119920718, 0.2920699952160745, 0.10597911989625435, 0.09152716138510822, 0.17152993474399333], "means": [[3.6427223050794377, 0.4606009245076221, -0.4170653025199105, 0.15669700756421656, -0.03572643395496845, -0.08555172169772793, 0.06289128661967015, -0.01974019509217455], [0.9777945494383599, 0.557519404771312, -0.5338252746409745, -0.006631224497815735, 0.050735379003361024, 0.0396763321632833, -0.012437193238684197, 0.003057013561669712], [-3.894076558265623, -0.4406735005370076, 0.07808197524072222, -0.0007466672351806337, 0.016913235186936514, -0.007520884019589757, 0.004416067651721946, -0.0007351493180041108], [-2.669102281456854, -0.020116575342920023, -0.21206622873849534, -0.08390324289206966, -0.10577029491013214, -0.007408583369188727, -0.018071320048447657, -0.01081511000400027], [-0.7959082655892138, 1.4323067104943907, 1.0748736940529595, -0.020404080810175668, -0.012976635800614384, -0.004536877934939447, -0.008399305145021642, 0.023510563445754373], [6.857492183462953, -0.6561481343666704, 0.29796478838019824, -0.03770502417687453, -0.0020891826809784748, 0.012522674225336976, -0.010445454072373898, 4.158952857449473e-05]], "cov": [[[0.17889074005259345, -0.02045270984909014, 0.03261669962660576, -0.00915178866478525, -0.006285896096900832, 0.0005242209812695552, 0.009894574352820425, 0.0005464398684240691], [-0.02045270984909014, 0.0032157869334696423, -0.0021915923153388917, -0.00025598681307248096, 0.0014426581885429298, 0.00015398592373743817, -0.0013693847232287032, -0.00022138067606662586], [0.03261669962660576, -0.0021915923153388917, 0.009104450403851027, -0.004009287180406713, -0.0001914693680037748, 0.0006383894834257681, 0.0011848018532711053, -5.2109304501701786e-05], [-0.009151788664785249, -0.00025598681307248124, -0.004009287180406713, 0.0029353642087836763, -0.001214980146773043, -0.0005255903193159172, -7.822432274332301e-05, 0.00046419493846726513], [-0.006285896096900832, 0.0014426581885429298, -0.00019146936800377507, -0.0012149801467730428, 0.002534992091929481, -6.082890381975332e-05, -0.0006134626147400687, -0.0009405240532416964], [0.0005242209812695552, 0.00015398592373743817, 0.0006383894834257682, -0.0005255903193159172, -6.0828903819753334e-05, 0.0008130693776409131, 0.00017823324514387024, -0.00033416869283977067], [0.009894574352820427, -0.0013693847232287032, 0.0011848018532711055, -7.822432274332318e-05, -0.0006134626147400687, 0.0001782332451438703, 0.0008907906259441309, 5.964546331756808e-06], [0.0005464398684240691, -0.0002213806760666258, -5.210930450170168e-05, 0.000464194938467265, -0.0009405240532416964, -0.00033416869283977067, 5.964546331756819e-06, 0.0008448912550580349]], [[0.2691546678941727, 0.003087656277896132, 0.024725719690101976, 0.024467712232769837, -0.01122636546897143, 0.017684578360219878, -0.008993589210793981, -0.0022016806131585956], [0.003087656277896132, 0.0015121967867277187, 0.0007692929421188046, 7.54577183961864e-05, -0.0017102029106868643, -0.0014968287788933417, -0.0002956399761239147, 5.305435677348084e-05], [0.024725719690101976, 0.0007692929421188046, 0.004399776528630183, 0.002936059845458293, -0.0023270097892860667, 0.0026932525056895724, -0.0013663794939094357, -2.6565654164725106e-05], [0.024467712232769837, 7.545771839618651e-05, 0.002936059845458293, 0.004612289664124637, -0.002556594177773839, 0.00273276213323355, -0.0011542963592120826, -0.00076531185800243], [-0.01122636546897143, -0.0017102029106868645, -0.0023270097892860667, -0.002556594177773839, 0.004628394238870464, 1.972998871578974e-05, 0.000348869231087281, 0.0005830105972339924], [0.017684578360219878, -0.0014968287788933417, 0.0026932525056895724, 0.00273276213323355, 1.9729988715789678e-05, 0.006003278496648769, 0.0006434151734503615, -0.0005112801673560528], [-0.008993589210793981, -0.0002956399761239147, -0.0013663794939094357, -0.0011542963592120826, 0.00034886923108728095, 0.0006434151734503615, 0.0021386366406680526, -6.706049960211041e-05], [-0.0022016806131585956, 5.305435677348082e-05, -2.6565654164725133e-05, -0.00076531185800243, 0.0005830105972339925, -0.0005112801673560528, -6.706049960211043e-05, 0.001348410211624023]], [[0.05397709490018994, 0.022519398324719126, -0.01937100053403562, -0.04854797595326653, -0.007953578207011373, -0.0016015467285767193, 0.000667896452775541, 0.00040973278823650666], [0.022519398324719126, 0.01130495855530315, -0.006754523190143311, -0.02024421868404399, -0.0025094640254689866, -0.0007136999174953288, 0.0016897936341029895, 0.00021471907622379284], [-0.019371000534035617, -0.006754523190143311, 0.008497382263105589, 0.02010921403399444, 0.0017727825181813337, 0.000691187304617215, 0.000424661912007034, 0.0002328468069146481], [-0.04854797595326653, -0.02024421868404399, 0.02010921403399444, 0.06375880392245792, -0.00022062937711702922, 0.0016546208811568357, -0.001803726806404968, 0.001133436877092365], [-0.007953578207011373, -0.0025094640254689866, 0.0017727825181813337, -0.00022062937711702954, 0.013940098802350266, -0.0005932086322925933, 0.0011356777153161321, -0.001167332508471547], [-0.0016015467285767193, -0.000713699917495329, 0.000691187304617215, 0.0016546208811568355, -0.0005932086322925932, 0.0026101566417611683, 0.0017223822536825452, -0.0013411633884428283], [0.000667896452775541, 0.0016897936341029895, 0.00042466191200703397, -0.0018037268064049676, 0.001135677715316132, 0.0017223822536825452, 0.002822524327594839, -0.0004656821890867909], [0.00040973278823650656, 0.00021471907622379297, 0.00023284680691464823, 0.001133436877092365, -0.001167332508471547, -0.0013411633884428283, -0.00046568218908679085, 0.005072958026311523]], [[0.04440482498944332, 0.013877340236517464, -0.009275219086433868, 0.006498705185419943, -0.003980066083585454, -0.0028515961904255196, -0.0016990245109899187, -0.005164957373090974], [0.013877340236517464, 0.004655373664398163, -0.002670111267036531, 0.0019414261955726774, -0.0018131415304506592, -0.0005106923499386566, 2.7564291873292746e-05, -0.0015128197974847817], [-0.009275219086433868, -0.002670111267036531, 0.0026774147259089774, -0.0017165371910420608, 0.000662959282383754, 0.000976563491447439, 0.00027743339771007993, 0.0014565551530495756], [0.006498705185419944, 0.0019414261955726774, -0.0017165371910420608, 0.0016247029689561811, -0.000976087836146719, -0.0005594044054638406, -0.00019738834476573595, -0.001402181591944651], [-0.003980066083585454, -0.001813141530450659, 0.0006629592823837539, -0.0009760878361467188, 0.0027785393293945715, -0.0010604174532695327, -0.0017584270358215889, 0.0009943497600188767], [-0.00285159619042552, -0.0005106923499386567, 0.000976563491447439, -0.0005594044054638405, -0.0010604174532695327, 0.0017183468357178924, 0.0017603833337507, 0.00030192620150112774], [-0.0016990245109899187, 2.7564291873292786e-05, 0.00027743339771008, -0.0001973883447657359, -0.0017584270358215893, 0.0017603833337507002, 0.0026341847871777482, 0.00022857339063541487], [-0.005164957373090975, -0.0015128197974847817, 0.0014565551530495754, -0.001402181591944651, 0.0009943497600188767, 0.0003019262015011276, 0.0002285733906354149, 0.0027604817813169018]], [[0.22085209117239324, 0.014695130915383972, -0.04219507783588324, 0.011419554403217076, 0.022070087446495277, -0.009554718541436632, 0.0007490451603529851, -0.003873839036851874], [0.014695130915383972, 0.0016567755915216384, -0.001743509320266157, 0.0009962648860821462, 0.0013550924266878342, 0.0002668167406915676, 0.00043280856869703463, -0.0015993957929162517], [-0.04219507783588325, -0.0017435093202661572, 0.009947301298993282, -0.0018848797246916018, -0.004447417204148487, 0.0027572406152139776, 0.00010194495948726908, -0.000995129408909716], [0.011419554403217078, 0.0009962648860821462, -0.0018848797246916018, 0.0016507541905236582, 0.0002391749566023247, 0.0002911191127662889, 0.0004045176201378079, -0.0016771137150414495], [0.02207008744649528, 0.0013550924266878342, -0.004447417204148487, 0.00023917495660232463, 0.0042502923711490274, -0.0018695526131579756, -0.0009404215967805673, -0.00045834206075269463], [-0.009554718541436634, 0.0002668167406915676, 0.0027572406152139776, 0.00029111911276628877, -0.0018695526131579756, 0.0036731994123476177, 0.0022593931434591783, -0.0027781855205646277], [0.0007490451603529851, 0.00043280856869703463, 0.00010194495948726908, 0.0004045176201378079, -0.0009404215967805673, 0.0022593931434591783, 0.0019636496700443256, -0.0009691648265878485], [-0.003873839036851875, -0.001599395792916252, -0.000995129408909716, -0.0016771137150414495, -0.0004583420607526945, -0.0027781855205646277, -0.000969164826587849, 0.008014962650045629]], [[0.000700244801381672, 0.00037458646425090594, 0.0011769775419096492, -0.0004176849620526743, -6.481810592732262e-05, -9.845978255395804e-06, 2.710987957517259e-05, -0.00015147846010233498], [0.0003745864642509059, 0.009889982547694652, 0.007340894969374474, -0.004567437347492882, 0.0003811017268151889, -0.002360732317119187, 0.0044646891562167435, -0.00024502643924884885], [0.0011769775419096492, 0.007340894969374474, 0.006836505347612599, -0.003817134309536004, 0.00023092965847632647, -0.0014834435734019668, 0.0031247430704126086, -0.0003925230330042573], [-0.0004176849620526744, -0.004567437347492882, -0.003817134309536004, 0.0023034675507544807, -0.00023049689056878054, 0.0010340350327499607, -0.001973004405398959, 0.0001542231237285058], [-6.481810592732262e-05, 0.0003811017268151889, 0.00023092965847632647, -0.00023049689056878051, 0.00013797948219736487, -0.00014948443427894497, 0.0001070364238367883, 2.1453705779296662e-06], [-9.84597825539578e-06, -0.002360732317119187, -0.0014834435734019668, 0.0010340350327499607, -0.000149484434278945, 0.0008589852191713166, -0.0009702232756416522, -4.294627934384094e-05], [2.710987957517255e-05, 0.004464689156216744, 0.0031247430704126086, -0.001973004405398959, 0.00010703642383678832, -0.0009702232756416524, 0.002146186345314103, -9.409221810780598e-05], [-0.00015147846010233498, -0.00024502643924884885, -0.0003925230330042573, 0.00015422312372850578, 2.145370577929662e-06, -4.2946279343840924e-05, -9.409221810780595e-05, 0.00017070282097561275]]]}