{"weights": [0.15526024142773973, 0.1836344653090262, 0.2999854415774146, 0.11657673702690663, 0.10560312586284062, 0.1389399887960723], "means": [[3.784205090856047, 0.4511831741027104, -0.3826160373173691, 0.1351714010022166, -0.031087990684130404, -0.08391074813359851, 0.07004753029637321, -0.017782507081370268], [1.0019377865582535, 0.5557492067300432, -0.5255590850999216, 0.000562471204381206, 0.04689594758154907, 0.03895414922241838, -0.022058781154255, 0.014519317860660763], [-3.907341963576564, -0.43605365086218534, 0.09285021519836038, 0.014096645221413856, 0.018385540158985053, -0.0027915070438309882, 0.011475716060546344, 0.0025576294882682735], [-2.6894311188080544, -0.022932803895965775, -0.20122343794143213, -0.0875851033459867, -0.11236836810740879, 0.0010620811145412685, -0.011327231754384862, -0.010252702625209463], [-0.6155817837683728, 1.4493109693723762, 1.04559245055048, -0.00337903310978651, 0.013138405741196287, -0.0013397317627088575, -0.006991874119445575, -0.007608083217815468], [6.853725107499591, -0.6404625008525829, 0.30210912448536914, -0.04354997116145586, -0.0011560241061633956, 0.005144179230218863, -0.0031057307518684786, 0.0013891975835370071]], "cov": [[[0.18133064915414115, -0.020736983351269018, 0.033040171128833354, -0.009267677395320976, -0.006347670868864458, 0.0005190808775613395, 0.010034395038330325, 0.0005445629743242887], [-0.020736983351269018, 0.0033549828740024124, -0.0021405164797806725, -0.00021585240518319745, 0.0014777982448032577, 0.00014294713936827583, -0.0013076163210605956, -0.000182184708239136], [0.03304017112883336, -0.002140516479780673, 0.009367583902275309, -0.00407893636292108, -0.00027202012016852947, 0.0006560902760727864, 0.0012060686454555857, 2.6058297519562694e-05], [-0.009267677395320976, -0.0002158524051831972, -0.0040789363629210795, 0.003086324711250353, -0.001229675580899155, -0.0005633769207872575, 1.1011899596773308e-05, 0.0005030551504863655], [-0.006347670868864459, 0.001477798244803258, -0.0002720201201685297, -0.0012296755808991551, 0.0028187923257755793, -0.00014946337807587485, -0.0005912782534803489, -0.001039980648680459], [0.0005190808775613395, 0.0001429471393682758, 0.0006560902760727864, -0.0005633769207872575, -0.00014946337807587482, 0.0010492163585380419, 0.00025315465032950223, -0.0004439973170118345], [0.010034395038330325, -0.0013076163210605956, 0.0012060686454555855, 1.1011899596773357e-05, -0.0005912782534803489, 0.00025315465032950223, 0.00106215421909393, -2.7370747747803624e-05], [0.0005445629743242887, -0.000182184708239136, 2.6058297519562755e-05, 0.0005030551504863656, -0.001039980648680459, -0.00044399731701183444, -2.7370747747803607e-05, 0.0010006891678442157]], [[0.4294463460607747, 0.004927698015661919, 0.03972373710825853, 0.03933733923032653, -0.018206685735985256, 0.028527741684324783, -0.014366617742422195, -0.0035790696299694957], [0.004927698015661919, 0.0014119714028009453, 0.0009816504861652289, 0.00015072028178623017, -0.0014885005434034386, -0.0009768214914075703, -0.00017545791202773945, 8.669572260360027e-05], [0.03972373710825853, 0.0009816504861652289, 0.005867411668729196, 0.004040611844891169, -0.002768459086609573, 0.0036620094046023208, -0.0018586111482101794, -3.919540082852111e-07], [0.039337339230326535, 0.00015072028178623017, 0.0040406118448911696, 0.006061423965108511, -0.0029538000450958376, 0.0035107318545464813, -0.0017776707710447223, -0.000950657496204108], [-0.018206685735985256, -0.0014885005434034386, -0.0027684590866095733, -0.002953800045095838, 0.004397628558719865, -0.0007431017756434616, 0.00042741444532677875, 0.0005766433403054653], [0.028527741684324783, -0.0009768214914075703, 0.0036620094046023203, 0.003510731854546481, -0.000743101775643461, 0.005925056198819495, 9.591853315953312e-05, -0.0005033910504243667], [-0.014366617742422195, -0.00017545791202773928, -0.0018586111482101794, -0.0017776707710447223, 0.00042741444532677853, 9.591853315953304e-05, 0.0024303063659077435, 4.215083790514584e-05], [-0.0035790696299694957, 8.669572260360034e-05, -3.9195400828512023e-07, -0.000950657496204108, 0.0005766433403054652, -0.0005033910504243667, 4.215083790514592e-05, 0.0015375470517343859]], [[0.042637306556066, 0.01763318365898985, -0.015190661356791126, -0.03692129406737763, -0.007107833401441157, -0.0012075049347735863, 0.0003356302765758068, 0.00048088753531139015], [0.017633183658989846, 0.009136494299131237, -0.005015204825421069, -0.015522154972431194, -0.002298337188507232, -0.0008603274480838289, 0.0012522127894030964, 0.00043209720848107544], [-0.015190661356791126, -0.005015204825421069, 0.006901027356115303, 0.015492454910813943, 0.0013683043337301623, 0.00032747532233708045, 0.0003242067563136892, 0.0003277607534912301], [-0.03692129406737763, -0.015522154972431194, 0.015492454910813943, 0.05051535075385971, -0.0013428771650194485, 0.0012667454096826401, -0.001610519132975126, 0.0011105753341191312], [-0.007107833401441157, -0.0022983371885072316, 0.0013683043337301623, -0.0013428771650194483, 0.013186912505992458, -0.0004323332157737383, 0.0011348402433963383, -0.0013154616619727739], [-0.001207504934773586, -0.0008603274480838289, 0.00032747532233708045, 0.0012667454096826401, -0.0004323332157737383, 0.001971067117225039, 0.0011500547116532777, -0.0002924664739113303], [0.00033563027657580697, 0.0012522127894030964, 0.00032420675631368904, -0.001610519132975126, 0.0011348402433963383, 0.0011500547116532777, 0.0022454683798553846, 0.00033113406479868136], [0.00048088753531139015, 0.0004320972084810754, 0.0003277607534912301, 0.0011105753341191312, -0.0013154616619727739, -0.00029246647391133017, 0.0003311340647986814, 0.003652355189804716]], [[0.03382397268735061, 0.010559373187219173, -0.006954406283312946, 0.0048123913982818225, -0.002839321755928163, -0.002206863432521216, -0.001432871311490318, -0.0036840939067044084], [0.010559373187219173, 0.0037241913019858118, -0.0018384190301462386, 0.0013686105710246181, -0.0017517166976781125, -5.0101867535703276e-05, 0.000410875644155158, -0.0010327066964718834], [-0.006954406283312946, -0.0018384190301462386, 0.0025207337923596877, -0.0015363316150816858, 0.00032497318682158505, 0.0010377966860646585, 0.00018019707269795825, 0.0012306026979890291], [0.0048123913982818225, 0.0013686105710246181, -0.0015363316150816858, 0.0015444129408622711, -0.0009107284459825236, -0.00047377087362630464, -5.788036838034218e-05, -0.001447516202734947], [-0.002839321755928163, -0.0017517166976781125, 0.00032497318682158505, -0.0009107284459825236, 0.0038062721893538645, -0.0019808831228768707, -0.002928319105016232, 0.001146375537083246], [-0.002206863432521216, -5.0101867535703215e-05, 0.0010377966860646585, -0.00047377087362630453, -0.001980883122876871, 0.0024000484603057446, 0.0026104615105737488, 0.00018468637918821963], [-0.0014328713114903178, 0.0004108756441551581, 0.00018019707269795822, -5.7880368380342155e-05, -0.002928319105016232, 0.0026104615105737483, 0.003988337891563434, 0.00019889705090742348], [-0.0036840939067044084, -0.0010327066964718834, 0.0012306026979890291, -0.001447516202734947, 0.001146375537083246, 0.00018468637918821966, 0.00019889705090742342, 0.003362470663921403]], [[0.2044523847700564, 0.013518468781667493, -0.03922281427348672, 0.01056688572606019, 0.020426378457319934, -0.008879976151503937, 0.0007080432199824947, -0.0034580384628857845], [0.013518468781667495, 0.0012019745178936515, -0.002139796180397377, 0.000817713930941884, 0.0013178185368303732, -0.0001175056275624531, 0.0002562872867942673, -0.0009398352160247526], [-0.03922281427348672, -0.002139796180397377, 0.008324239063840534, -0.001852290478481136, -0.003959255796964612, 0.0020945636694320252, -9.069346498890848e-05, -0.0003597468662461948], [0.01056688572606019, 0.000817713930941884, -0.001852290478481136, 0.0012436056817180952, 0.000287312096616141, -1.8874008598789733e-05, 0.00029722669455166514, -0.0008118174202466356], [0.020426378457319937, 0.0013178185368303732, -0.003959255796964613, 0.000287312096616141, 0.004065510692535865, -0.0018953993467328738, -0.0011461578036345323, -0.0010360397777599833], [-0.008879976151503937, -0.00011750562756245294, 0.0020945636694320252, -1.8874008598789747e-05, -0.0018953993467328732, 0.0026712047206547203, 0.001866286570167559, -0.0007466326500640618], [0.0007080432199824947, 0.0002562872867942673, -9.069346498890851e-05, 0.00029722669455166514, -0.001146157803634532, 0.0018662865701675588, 0.001862692821294571, 0.00022915647594351447], [-0.0034580384628857845, -0.0009398352160247526, -0.0003597468662461948, -0.0008118174202466356, -0.0010360397777599833, -0.0007466326500640617, 0.00022915647594351447, 0.0047096336314289226]], [[0.0006234479960001402, 0.000805354725347347, 0.0013158481271181139, -0.0005474008175214833, -5.991486705852249e-05, -0.0001784780442220854, 0.000238140686827113, -0.0001231660424910391], [0.000805354725347347, 0.014253350432155832, 0.010971322010181306, -0.00670222993653301, 0.0005294382575658229, -0.0033331586982614713, 0.006382818875815604, -0.0004165156983399404], [0.0013158481271181139, 0.010971322010181304, 0.009550918912786805, -0.00551196677413384, 0.0003797553994835043, -0.0023375071939177304, 0.00476565420843984, -0.0004773638390229701], [-0.0005474008175214833, -0.0067022299365330105, -0.0055119667741338405, 0.003343742298638698, -0.00034224066490934585, 0.0015296290356885485, -0.00290323905485983, 0.00021479130702252243], [-5.991486705852249e-05, 0.0005294382575658229, 0.00037975539948350434, -0.0003422406649093459, 0.0001935918650866265, -0.00019514882731178055, 0.00013694511012552428, -5.470322326332929e-06], [-0.0001784780442220854, -0.0033331586982614718, -0.002337507193917731, 0.0015296290356885485, -0.00019514882731178055, 0.0011659807414629976, -0.0013393634407868188, -2.161870583285925e-05], [0.00023814068682711294, 0.006382818875815604, 0.00476565420843984, -0.0029032390548598295, 0.00013694511012552428, -0.0013393634407868188, 0.003017860067564032, -0.00018615940611741856], [-0.0001231660424910391, -0.0004165156983399404, -0.0004773638390229702, 0.00021479130702252243, -5.4703223263329295e-06, -2.161870583285924e-05, -0.0001861594061174186, 0.00019990820189594522]]]}