{"weights": [0.5939860310486242, 0.1849487824318152, 0.2210651865195607], "means": [[-2.114184331466987, -0.516220161110546, 0.0251320730831853, 0.05217185844750834, -0.018052385403296133, 0.010299979618297702, -0.0028935963606479187, 0.004967728006300089], [4.110189457932483, -2.6854668156673864, -0.04727946350642746, 0.01885102769987637, -0.026427146281714012, -0.007844137620793964, -0.019058456762881974, 0.01873979539954486], [1.8027807027926497, 3.6057250470485047, -0.03407372126586152, -0.034250159030161355, -6.051837286503948e-05, 0.008464656712117305, 0.039966400822452466, 0.014089765867942555]], "cov": [[[0.02445211731804341, -0.00995462390757107, 0.007219330225237108, -0.0755557056109509, 0.024011368506163578, -0.022878060454009027, -0.012044140614462377, 0.006875163461445557], [-0.009954623907571071, 0.03426984424031738, -0.01479354477855297, 0.05070401180894955, -0.03978014203184899, 0.0012057985870943997, -0.01633269844964389, -0.0037652678323014973], [0.00721933022523711, -0.01479354477855297, 0.01945984330417531, -0.09262075457145787, 0.0313667780242775, -0.012794130419377265, 0.013233868419215493, -0.006549721532189839], [-0.07555570561095092, 0.05070401180894956, -0.09262075457145788, 0.601558912755854, -0.16331562659555218, 0.1256055908465137, -0.0031909187675460172, 0.024264214479695134], [0.024011368506163575, -0.03978014203184899, 0.0313667780242775, -0.16331562659555218, 0.07646158366937367, -0.01821901847360986, 0.006679069187793227, -0.01142603809367782], [-0.02287806045400903, 0.0012057985870944008, -0.012794130419377268, 0.1256055908465137, -0.01821901847360986, 0.048707981959294315, 0.0035742955468808517, -0.012315407941839175], [-0.012044140614462377, -0.016332698449643895, 0.013233868419215492, -0.0031909187675460177, 0.006679069187793224, 0.0035742955468808482, 0.04533403176904356, 0.004964584025193939], [0.006875163461445558, -0.0037652678323014973, -0.006549721532189839, 0.024264214479695134, -0.01142603809367782, -0.012315407941839177, 0.004964584025193937, 0.022656927553275412]], [[0.4359991100443676, 0.06904195592312577, -0.003916439155090658, -0.3416400809818148, -0.22377857242781005, 0.07078408236157298, -0.027218599130097106, -0.10823455159738679], [0.06904195592312579, 0.1617026197866783, 0.0032268373602084136, 0.22056239506016306, 0.3015683614986035, -0.06304216863106629, -0.048676515960694264, -0.06537319695185949], [-0.003916439155090658, 0.0032268373602084136, 0.009913218768088894, -0.05030315672442188, 0.005241900329678559, 0.03807848357185337, -0.009633852895718928, 0.011418218158323513], [-0.34164008098181475, 0.22056239506016306, -0.05030315672442188, 1.3992436396708285, 0.8298782528215677, -0.5119863887006478, 0.025124627279462408, -0.1595137708042172], [-0.22377857242781002, 0.30156836149860355, 0.005241900329678558, 0.8298782528215678, 1.0095782224082404, -0.19136303765513543, -0.13311774677151167, -0.031672871907174396], [0.07078408236157296, -0.0630421686310663, 0.03807848357185337, -0.5119863887006478, -0.1913630376551354, 0.32176828691889187, -0.06464674528836638, 0.0689950430023749], [-0.027218599130097106, -0.04867651596069426, -0.009633852895718928, 0.025124627279462408, -0.13311774677151167, -0.06464674528836638, 0.06636748108472902, 0.01911632963318282], [-0.10823455159738679, -0.06537319695185949, 0.011418218158323513, -0.1595137708042172, -0.031672871907174396, 0.06899504300237493, 0.01911632963318282, 0.21822028268993496]], [[0.14194865014386393, -0.11032958933333814, 0.3927693458263157, 0.09011062145421904, 0.15914030660241124, 0.021332977630245394, 0.036446936068558825, 0.047852113547728704], [-0.11032958933333814, 0.1958861992281536, 0.1486121838211059, -0.08574020754586523, -0.20199910647700656, -0.029518006548613807, -0.04208527725108982, -0.042998173984104805], [0.3927693458263157, 0.1486121838211059, 4.534981994499547, 0.275640111899721, -0.10235569665043052, -0.0002625253148920482, -0.021274788068660424, 0.007690125795475833], [0.09011062145421904, -0.08574020754586523, 0.275640111899721, 0.1214495595735776, 0.06501112993299904, 0.009320205115913527, -0.023060755190877264, 0.030658315155773296], [0.15914030660241124, -0.20199910647700656, -0.10235569665043052, 0.06501112993299904, 0.3344046119616624, 0.07741469038294747, 0.13266555764256233, 0.044848909612356165], [0.021332977630245394, -0.029518006548613807, -0.0002625253148920483, 0.009320205115913529, 0.07741469038294747, 0.04639123725889215, 0.06487446046002883, -0.018862815437028568], [0.03644693606855882, -0.04208527725108983, -0.021274788068660427, -0.023060755190877264, 0.13266555764256233, 0.06487446046002883, 0.17397027751449248, -0.022023916722703794], [0.047852113547728704, -0.04299817398410481, 0.007690125795475831, 0.030658315155773292, 0.04484890961235617, -0.018862815437028568, -0.02202391672270379, 0.04328987546669155]]]}