{"weights": [0.042865198053949984, 0.12860947064390077, 0.3109179750382129, 0.2827032533709325, 0.1543625713350368, 0.08054153155796698], "means": [[3.854238466604011, 0.42867195314000595, -0.39064488737729425, 0.1405954112192295, -0.0375023645288401, -0.007048658313143115, 0.10754139590938272, 0.005359259607112839], [-0.7344769995484943, 1.4755312948152774, 1.0277903825468384, -0.0043983815558337365, 9.519824665683079e-05, 0.028478629245149573, -0.013524168473635285, -0.004719475478160246], [-3.901676797672392, -0.4410039982008448, 0.1024618787543722, 0.03583466924162866, -0.0009818691189093286, 0.0014265933025357218, 0.004632102656376306, 0.005800351654693347], [1.131980811987854, 0.5415641610853631, -0.5416083597577488, 0.0045297033757792735, 0.03952034157698641, -0.011381838118474596, -0.04542287960861747, 0.013783540848888247], [-2.6706218084427524, -0.024132973134676133, -0.2062014730820087, -0.1011114026652038, -0.09582362979376388, 0.015324548107600531, -0.009950606460776792, -0.028187462202743714], [6.869213567378251, -0.6462819399420106, 0.31092316851151525, -0.04546289822561871, -0.00013402918715014713, -0.0010921103017370775, -0.013964851199929445, -0.0027803830732516907]], "cov": [[[0.22601253209642785, -0.030139476182397103, 0.0362955216260104, -0.006156806208774254, -0.00909975346031272, -0.0006937344093749356, 0.007882964777476149, 0.004830883563853427], [-0.030139476182397103, 0.004948472270616261, -0.0036316285001248227, -8.372960353553413e-05, 0.0014386921064010064, -4.524785318193358e-05, -0.0010755270364439925, -0.0006909875977307463], [0.0362955216260104, -0.0036316285001248227, 0.008367556028884261, -0.0030114456574571913, -0.001162602445803499, -7.487267544881493e-05, 0.0005041407995424757, 0.0010582397684698504], [-0.006156806208774255, -8.372960353553394e-05, -0.0030114456574571913, 0.002479462976677642, -0.0006237712764026977, 0.0002246495517154279, 0.0005618799206003105, -0.00016674373791259565], [-0.00909975346031272, 0.0014386921064010064, -0.001162602445803499, -0.0006237712764026979, 0.0019141853097003768, -4.2586243882028046e-05, -0.0003940656025900431, -0.00042408653307644193], [-0.0006937344093749357, -4.524785318193357e-05, -7.487267544881501e-05, 0.00022464955171542792, -4.258624388202806e-05, 0.0018235549162380375, -0.00018807605535841451, 0.00018113457187339047], [0.00788296477747615, -0.0010755270364439927, 0.0005041407995424757, 0.0005618799206003107, -0.0003940656025900431, -0.00018807605535841451, 0.0008947744711661438, -7.532063442539189e-05], [0.004830883563853427, -0.0006909875977307463, 0.0010582397684698504, -0.00016674373791259565, -0.00042408653307644193, 0.00018113457187339044, -7.532063442539193e-05, 0.0010390185271071239]], [[0.16217739881525325, 0.011160277460039496, -0.03277290616709687, 0.004716915766068051, 0.024059671434761988, 0.002412790199870546, 0.0074004913084834145, -0.006978045667119175], [0.011160277460039496, 0.0016086807724908852, -0.0015259773625429577, 1.8964880611734737e-05, 0.0018254041642913163, 8.344627452990079e-05, 0.0007423464855237583, -0.0004424369133499952], [-0.03277290616709687, -0.0015259773625429574, 0.007634109681194101, -0.00096014329913974, -0.004931098142026755, -0.0002795344758488334, -0.001459131095127615, 0.0013697241338383377], [0.004716915766068051, 1.89648806117347e-05, -0.0009601432991397398, 0.0012290954484200898, -0.00028099835590204175, 0.00013582004689648752, 7.325776624819848e-05, -0.000762447580906055], [0.024059671434761988, 0.0018254041642913163, -0.004931098142026755, -0.0002809983559020416, 0.005345336428613786, 0.0010661346316297481, 0.0010822720674045609, -0.0013562099901128321], [0.002412790199870546, 8.34462745299008e-05, -0.0002795344758488334, 0.00013582004689648755, 0.0010661346316297481, 0.0037367670704702093, -0.0004902152872442489, -2.6426262637886236e-05], [0.0074004913084834145, 0.0007423464855237583, -0.001459131095127615, 7.32577662481985e-05, 0.0010822720674045607, -0.0004902152872442489, 0.0005701588037506935, -0.00042114633368900027], [-0.006978045667119174, -0.00044243691334999523, 0.0013697241338383374, -0.0007624475809060549, -0.0013562099901128326, -2.6426262637886185e-05, -0.00042114633368900027, 0.0024278236980202345]], [[0.056754692544962196, 0.024479977062696886, -0.020791843121469512, -0.054728837582372666, -0.009833794426180435, 0.001910705611963494, 0.0017096576586052338, -0.000211790125712954], [0.024479977062696886, 0.012597087784888118, -0.00770226983113945, -0.025370333436537978, -0.0033060748206856934, 0.0007845100496074207, 0.00182781700756854, -3.8195658062102324e-05], [-0.020791843121469512, -0.00770226983113945, 0.009147406121297044, 0.022054980535501464, 0.0024405473488538906, -0.0003769951156848022, -0.00044454347066003123, -1.870683850626112e-05], [-0.05472883758237266, -0.025370333436537974, 0.022054980535501464, 0.07486405762022749, -0.00023229993201027844, -9.017039214986714e-05, -0.004349321431681993, 0.0004638120832730634], [-0.009833794426180435, -0.0033060748206856934, 0.0024405473488538906, -0.0002322999320102779, 0.014267086007336137, -0.00020875421398410476, 0.0015611370473946407, -0.0006148240459562227], [0.001910705611963494, 0.0007845100496074208, -0.0003769951156848022, -9.017039214986691e-05, -0.00020875421398410497, 0.004165696027011822, -0.0004648210404584627, -0.00031458160665868507], [0.0017096576586052338, 0.00182781700756854, -0.00044454347066003123, -0.004349321431681993, 0.0015611370473946407, -0.0004648210404584627, 0.0010824425902604665, -0.00023935120779473588], [-0.00021179012571295394, -3.8195658062102304e-05, -1.8706838506261143e-05, 0.00046381208327306354, -0.0006148240459562227, -0.0003145816066586851, -0.00023935120779473593, 0.0033896383658455617]], [[0.36899708857673663, 0.00022800904155840493, 0.02733150750111617, 0.03082881653133868, -0.0046527697360088174, -0.0043341024420316425, -0.018481246816149346, -0.009790089628148669], [0.0002280090415584049, 0.0014056079519972919, 0.00021919344428387525, 0.00017291174883393812, -0.0014445443486516415, 0.0005452961916654255, 0.0008885360031665104, 8.97965326995149e-05], [0.027331507501116167, 0.00021919344428387536, 0.004244020891589905, 0.002277310381074568, -0.0010978306050880814, -0.0012973115457739393, -0.002728278922574674, -0.0005212416023183864], [0.030828816531338673, 0.00017291174883393815, 0.002277310381074568, 0.005085408522966635, -0.0017307576312281998, -0.0009779855504199767, -0.001439444631319776, -0.0014682961407381492], [-0.004652769736008817, -0.0014445443486516415, -0.0010978306050880814, -0.0017307576312281998, 0.0033195053964509163, 0.00024139920918602066, -0.0004497505154421986, 0.00013746418958235135], [-0.004334102442031642, 0.0005452961916654254, -0.0012973115457739393, -0.0009779855504199767, 0.00024139920918602072, 0.0036695523004419564, 0.0010630181650921763, 0.00011449114218290687], [-0.018481246816149346, 0.0008885360031665104, -0.002728278922574674, -0.0014394446313197762, -0.0004497505154421985, 0.0010630181650921765, 0.0028807822481012216, 0.00023756571921353415], [-0.009790089628148669, 8.979653269951488e-05, -0.0005212416023183866, -0.0014682961407381497, 0.00013746418958235132, 0.00011449114218290691, 0.0002375657192135341, 0.0021007937247111783]], [[0.08343648439318005, 0.02521694970535881, -0.01696634985888262, 0.009296092469663036, -0.004674811255840779, 0.008230486453603268, -0.0004354323213521996, -0.0007192950275255977], [0.02521694970535881, 0.008309585515096023, -0.0045114006719923815, 0.0025196563862866935, -0.0022370992825597293, 0.0019342029825020336, 0.00018662605704001492, -0.0004701657874528487], [-0.01696634985888262, -0.0045114006719923815, 0.00487866146427719, -0.002298528136114521, 0.00047682446528881544, -0.0015300533259153303, -0.0004784872195783148, 6.287817072784453e-05], [0.009296092469663036, 0.002519656386286693, -0.0022985281361145205, 0.00261174937349374, -0.001657104608169817, 0.0004136232509097745, 0.00019272175044962833, -0.0005925929481547923], [-0.004674811255840779, -0.0022370992825597284, 0.00047682446528881576, -0.001657104608169817, 0.0036519091164914845, 0.001824960025916618, -0.000926470095155995, 0.0007702008778490511], [0.00823048645360327, 0.0019342029825020336, -0.0015300533259153307, 0.00041362325090977457, 0.0018249600259166176, 0.005635670105746217, -0.001618288112767824, 0.0008736623905720649], [-0.0004354323213521996, 0.00018662605704001492, -0.00047848721957831483, 0.0001927217504496284, -0.000926470095155995, -0.001618288112767824, 0.001194101898296698, -0.0007294680202474458], [-0.0007192950275255977, -0.0004701657874528487, 6.287817072784448e-05, -0.000592592948154792, 0.0007702008778490511, 0.0008736623905720649, -0.0007294680202474458, 0.0025362177342427997]], [[0.0007029133214469976, 0.0006040610417683556, 0.0012469237547548498, -0.00037645845236976457, -0.0001744149958800475, -0.0002090634932757694, 0.00021238888622877915, -0.0002803655055856271], [0.0006040610417683556, 0.011186010866063089, 0.008033720086505512, -0.005151889875950676, 0.0004071676297955721, -0.0004675898159824199, 0.004931508620391021, 0.0012110793415132004], [0.00124692375475485, 0.008033720086505512, 0.007131650064754, -0.004008049513095606, 0.00017755357791536213, -0.0007383335773662856, 0.0032482604241112524, 0.0004577151465567837], [-0.0003764584523697645, -0.005151889875950677, -0.004008049513095606, 0.002617098879386118, -0.0003939739739816568, 8.736425338868324e-05, -0.0021088567950889015, -0.0006430225429423079], [-0.00017441499588004747, 0.0004071676297955721, 0.00017755357791536213, -0.0003939739739816568, 0.0003951140376585783, 0.00035740339616030373, 5.523862468526482e-05, 0.0002934140609286422], [-0.00020906349327576954, -0.0004675898159824199, -0.0007383335773662856, 8.736425338868319e-05, 0.0003574033961603037, 0.0008229355643962573, -0.00019227163000806196, 0.000350369536199965], [0.00021238888622877907, 0.004931508620391021, 0.0032482604241112524, -0.0021088567950889015, 5.5238624685264835e-05, -0.000192271630008062, 0.0023437600646451107, 0.0004860111485440829], [-0.0002803655055856271, 0.0012110793415132004, 0.0004577151465567837, -0.0006430225429423079, 0.0002934140609286422, 0.000350369536199965, 0.0004860111485440829, 0.0006662227931050803]]]}