{"weights": [0.17217762390048078, 0.16759771242483115, 0.2979685578129093, 0.12910744864870732, 0.15485724593310116, 0.07829141127997039], "means": [[6.7819514374871925, -0.65273788789708, 0.29053841329943636, -0.03547971149416399, -0.0013694627927793026, 0.008038263249149332, -0.008770481813281399, 0.0018081442159353551, -0.002308170870593207, 0.0010018306785503387], [-4.029870149881755, -0.5167904241172713, 0.17192725566111433, 0.2167869123510762, 0.041019438634110165, 0.0004857686568202086, 0.007587160697275441, 0.00855614164723134, -0.0010201198066899701, -0.006404988005571613], [-3.2343886368676413, -0.2061460188355075, -0.08695786471644341, -0.13869710271084346, -0.04400095926204225, -0.00691782216012717, -0.002231023795791369, -0.008584253372772922, 0.0004095268400642785, 0.0036889970611536367], [0.6479156147596609, 0.5430386662939677, -0.559489964725037, -0.03886465081951972, 0.06234740714834495, 0.005217420689441628, -0.004446245581347491, 0.014620019984617023, -0.006216976733189797, 0.008736317401678764], [2.84926535191981, 0.506325600595967, -0.40556121443595283, 0.10962192444619794, -0.011779150466574547, -0.0009720993115483816, 0.013794335019023524, -0.0065287162157756555, 0.008113239725148366, -0.011880443119371498], [-0.682543133535876, 1.4293554909571966, 1.0487778213049133, -0.01091864221224375, 0.0031485098201547066, 0.0009298524233060983, -0.00841528350800584, -0.0008175687517846816, -9.422431968511583e-05, 0.006560265311209197]], "covariances": [[[0.7697828423249039, -0.009032346309822241, 0.009118956203552478, -0.0185538583960673, -0.003167177124977978, 0.0004558046748177925, -0.001123013811645843, -0.0005942204134742766, -3.957626181633691e-05, 0.00012601515310592024], [-0.009032346309822241, 0.008338155178301023, 0.006060323927245414, -0.0035957856826567044, 0.00036324459669431124, -0.001957840626318801, 0.003721106684589987, -0.0002145952467379096, 5.40258178775961e-06, -0.003542075113446336], [0.009118956203552478, 0.006060323927245414, 0.005714907942934854, -0.003371169097996466, 0.00017854255053673874, -0.001248838599729499, 0.002628522759069986, -0.00031605057063628227, 3.2563023260890765e-05, -0.003082322769528176], [-0.0185538583960673, -0.0035957856826567044, -0.003371169097996466, 0.002474412712541637, -0.0001911357326071939, 0.0008620798028060112, -0.0016124287236401324, 0.00012535409246235165, 2.9030363390788884e-05, 0.001796572008385991], [-0.003167177124977978, 0.00036324459669431124, 0.00017854255053673874, -0.0001911357326071939, 0.0002735287014454808, -0.00014514342064101183, 7.655268481570293e-05, 5.150406684738459e-07, -7.339642968988728e-05, -0.0001528447940436554], [0.0004558046748177925, -0.001957840626318801, -0.001248838599729499, 0.0008620798028060112, -0.00014514342064101183, 0.0008149459152454491, -0.0007408279360785336, -5.883017519400729e-05, 6.307550109233218e-05, 0.0007924351492713386], [-0.001123013811645843, 0.003721106684589987, 0.002628522759069986, -0.0016124287236401324, 7.655268481570293e-05, -0.0007408279360785336, 0.0018262078184079628, -9.773925369347653e-05, 5.493248660772808e-05, -0.0014987791373224759], [-0.0005942204134742766, -0.0002145952467379096, -0.00031605057063628227, 0.00012535409246235165, 5.150406684738459e-07, -5.883017519400729e-05, -9.773925369347653e-05, 0.00019569738841675283, -1.2435964275301382e-05, 0.00012867361311301608], [-3.957626181633691e-05, 5.40258178775961e-06, 3.2563023260890765e-05, 2.9030363390788884e-05, -7.339642968988728e-05, 6.307550109233218e-05, 5.493248660772808e-05, -1.2435964275301382e-05, 0.00023640561077564577, -5.1982410270200115e-05], [0.00012601515310592024, -0.003542075113446336, -0.003082322769528176, 0.001796572008385991, -0.0001528447940436554, 0.0007924351492713386, -0.0014987791373224759, 0.00012867361311301608, -5.1982410270200115e-05, 0.0018119588257643358]], [[0.8339888517109124, -0.005071625779463247, 0.00601245072331025, -0.021755471484808164, -0.006256017935003063, 0.0004322694623944724, -0.001970657310883092, -0.0004434443734091753, 0.00012179102716830833, 0.0007168959333412451], [-0.005071625779463247, 0.004255997401201032, -0.00010852844288178858, -0.0033360905002074942, 0.0025175261970543394, -0.0003603057479108393, 0.0012576590991557508, -0.00023141287324416203, 0.0003234834449584127, 8.434863233616871e-05], [0.00601245072331025, -0.00010852844288178858, 0.001756821973209747, 0.00033557117645979426, 0.0014654372213625045, -8.332876138871987e-05, 0.0004962092879593383, -0.00032216133208152277, 6.0900504309677084e-05, -0.0001548604388983676], [-0.021755471484808164, -0.0033360905002074942, 0.00033557117645979426, 0.018065004288298072, -0.0054537097989434975, 0.0011002398385711201, -0.0021871047370724365, -0.0008543409375467277, -0.0012870262179165894, 0.0009301373636705568], [-0.006256017935003063, 0.0025175261970543394, 0.0014654372213625045, -0.0054537097989434975, 0.014343560570911911, -0.001214106683283307, 0.0035521924010838866, -0.0002586861060284273, 0.000152762909606679, 0.0015737066887993136], [0.0004322694623944724, -0.0003603057479108393, -8.332876138871987e-05, 0.0011002398385711201, -0.001214106683283307, 0.0011671603648010587, 0.0005682167949743501, -0.0006556020589862206, 0.0003502603811944704, -6.338102902577723e-05], [-0.001970657310883092, 0.0012576590991557508, 0.0004962092879593383, -0.0021871047370724365, 0.0035521924010838866, 0.0005682167949743501, 0.0023670048121164724, -0.00017876615293951404, 0.00018090908453506388, 0.00018210296158893767], [-0.0004434443734091753, -0.00023141287324416203, -0.00032216133208152277, -0.0008543409375467277, -0.0002586861060284273, -0.0006556020589862206, -0.00017876615293951404, 0.0030475437795879053, -0.0001341308408389509, 2.2690861059119332e-05], [0.00012179102716830833, 0.0003234834449584127, 6.0900504309677084e-05, -0.0012870262179165894, 0.000152762909606679, 0.0003502603811944704, 0.00018090908453506388, -0.0001341308408389509, 0.0015351190697820872, 0.0001219934761545848], [0.0007168959333412451, 8.434863233616871e-05, -0.0001548604388983676, 0.0009301373636705568, 0.0015737066887993136, -6.338102902577723e-05, 0.00018210296158893767, 2.2690861059119332e-05, 0.0001219934761545848, 0.001030590382992193]], [[0.32813182750468933, 0.10282840936020449, -0.06501733695087437, 0.02972881580204511, -0.03339655360558691, -0.00010531494623204498, -0.007971133551836547, -0.0017300293912744884, -0.00570006672656352, 0.001696132285136004], [0.10282840936020449, 0.03393150015882001, -0.02016454426721952, 0.00984269218358915, -0.013238469395394546, -1.4906599223904697e-05, -0.0019686257387987547, 1.9769456375202603e-05, -0.0018098889746400214, 0.0002161089963217703], [-0.06501733695087437, -0.02016454426721952, 0.014091629616909483, -0.005966945623875147, 0.005796264279392551, 0.00026631132031694775, 0.0019182766726895586, 0.0009313864361415531, 0.0010677723037871764, -0.0005345225984813382], [0.02972881580204511, 0.00984269218358915, -0.005966945623875147, 0.00558262409589617, -0.0051712795966959435, -0.00028020068862605405, -0.0009721188061678517, -0.0005632068493199515, -0.00041413640938055903, 0.0001732071422239483], [-0.03339655360558691, -0.013238469395394546, 0.005796264279392551, -0.0051712795966959435, 0.010573793220113236, -0.0005618004863860984, -0.0008485354528351358, -0.0008133725825897159, 0.00021588443888278621, 0.00030935655225122814], [-0.00010531494623204498, -1.4906599223904697e-05, 0.00026631132031694775, -0.00028020068862605405, -0.0005618004863860984, 0.002138375906757154, 0.001698090165851341, 0.00010383418754677479, -0.0001265675292024074, 0.0004993626637499765], [-0.007971133551836547, -0.0019686257387987547, 0.0019182766726895586, -0.0009721188061678517, -0.0008485354528351358, 0.001698090165851341, 0.0025728605271121766, 0.000626624588848323, -0.0001177206005546771, 2.144577937318567e-05], [-0.0017300293912744884, 1.9769456375202603e-05, 0.0009313864361415531, -0.0005632068493199515, -0.0008133725825897159, 0.00010383418754677479, 0.000626624588848323, 0.0033172570976771633, 0.00018083603972619938, -0.0001509505101369706], [-0.00570006672656352, -0.0018098889746400214, 0.0010677723037871764, -0.00041413640938055903, 0.00021588443888278621, -0.0001265675292024074, -0.0001177206005546771, 0.00018083603972619938, 0.002654453601448854, 0.00010030300141090859], [0.001696132285136004, 0.0002161089963217703, -0.0005345225984813382, 0.0001732071422239483, 0.00030935655225122814, 0.0004993626637499765, 2.144577937318567e-05, -0.0001509505101369706, 0.00010030300141090859, 0.0011285842603177244]], [[0.33335273832788065, 0.05057607087665398, -0.026978421349660255, 0.009832926799138263, 0.004067677112722821, -0.00669945397533033, -0.0022876439658739726, 0.0006417310166571354, -0.0005127444735979122, 0.0012614023368084826], [0.05057607087665398, 0.010788820136076651, -0.00523895493094739, 0.0014062826049526047, -0.000627252047309882, -0.0009533087418532718, -0.0001890512018655158, 0.00021369657930808174, -0.0004813959788544837, 0.0005661149503418048], [-0.026978421349660255, -0.00523895493094739, 0.004724596190449934, -0.0003783930619202069, -0.002320742255619704, -0.00033786378724480584, 0.00014608642697848146, -0.0001526520468287991, 4.472909825393831e-06, 0.00020212483797357522], [0.009832926799138263, 0.0014062826049526047, -0.0003783930619202069, 0.0015133345560520023, -0.0007503772612318568, 0.0002458983206310804, -0.00020487654955332328, -0.0005434249138574118, 0.0007897944751273098, -0.00031080131721399735], [0.004067677112722821, -0.000627252047309882, -0.002320742255619704, -0.0007503772612318568, 0.0043189617775293496, 0.0006255199698407678, -0.00033845645577030344, 0.0006814570753841615, 0.0003412710047382063, -0.0006342857801759116], [-0.00669945397533033, -0.0009533087418532718, -0.00033786378724480584, 0.0002458983206310804, 0.0006255199698407678, 0.0031332170896132077, 0.0016488998123786584, -0.0003828049803543861, 0.000383056998994255, 8.133465752774389e-05], [-0.0022876439658739726, -0.0001890512018655158, 0.00014608642697848146, -0.00020487654955332328, -0.00033845645577030344, 0.0016488998123786584, 0.001661515497675542, -8.610755476815017e-05, -0.00044778740731635865, 0.0004622192977121042], [0.0006417310166571354, 0.00021369657930808174, -0.0001526520468287991, -0.0005434249138574118, 0.0006814570753841615, -0.0003828049803543861, -8.610755476815017e-05, 0.0017198641365442262, -0.0004416257311552795, 0.0002803674070751587], [-0.0005127444735979122, -0.0004813959788544837, 4.472909825393831e-06, 0.0007897944751273098, 0.0003412710047382063, 0.000383056998994255, -0.00044778740731635865, -0.0004416257311552795, 0.0014718207764352455, -0.00045000693392242727], [0.0012614023368084826, 0.0005661149503418048, 0.00020212483797357522, -0.00031080131721399735, -0.0006342857801759116, 8.133465752774389e-05, 0.0004622192977121042, 0.0002803674070751587, -0.00045000693392242727, 0.00120770583418931]], [[1.1425160983643947, -0.06842956324821041, 0.029321751393601686, 0.023463911659111807, -0.025545988043959564, -0.08986554471512906, 0.06477341913344023, -0.012862202816480588, 0.002485495543684155, 0.019154894041502838], [-0.06842956324821041, 0.00708620570860662, 0.0022426010915244246, -0.0017697938884258142, 0.0018307755551713427, 0.004371639649588695, -0.0033997035817488475, 0.0006394053844040746, 2.9016390248469602e-05, -0.0008547092092666308], [0.029321751393601686, 0.0022426010915244246, 0.013864722098519668, -0.0023005875738176785, -0.0004309482614225583, -0.0023575428825147716, 0.0020186709759745574, -6.487054925810679e-05, 0.00019276557212713594, 0.0004987386521485738], [0.023463911659111807, -0.0017697938884258142, -0.0023005875738176785, 0.0033055905987211076, -0.0017707901414324397, -0.0030073070090590125, 0.0016388616975570878, -0.0003273674500907127, 0.0004761528822291079, 0.0011324428438331253], [-0.025545988043959564, 0.0018307755551713427, -0.0004309482614225583, -0.0017707901414324397, 0.0023770907934439964, 0.0020808390876987408, -0.0017600205443672437, -0.00021393107410389576, -0.0008650114736059517, -0.000717331294947831], [-0.08986554471512906, 0.004371639649588695, -0.0023575428825147716, -0.0030073070090590125, 0.0020808390876987408, 0.00942469729845465, -0.0050071393875871775, 0.000989310397346996, -2.271765002581149e-05, -0.0019428041561258406], [0.06477341913344023, -0.0033997035817488475, 0.0020186709759745574, 0.0016388616975570878, -0.0017600205443672437, -0.0050071393875871775, 0.004439018170105626, -0.0008066160497166461, 0.00039448815808308066, 0.0014237477830390589], [-0.012862202816480588, 0.0006394053844040746, -6.487054925810679e-05, -0.0003273674500907127, -0.00021393107410389576, 0.000989310397346996, -0.0008066160497166461, 0.0008854355532880948, 0.0002322682998523542, -0.0003233596798166756], [0.002485495543684155, 2.9016390248469602e-05, 0.00019276557212713594, 0.0004761528822291079, -0.0008650114736059517, -2.271765002581149e-05, 0.00039448815808308066, 0.0002322682998523542, 0.0010935421266995648, 0.0003943338237733573], [0.019154894041502838, -0.0008547092092666308, 0.0004987386521485738, 0.0011324428438331253, -0.000717331294947831, -0.0019428041561258406, 0.0014237477830390589, -0.0003233596798166756, 0.0003943338237733573, 0.0011158811808537799]], [[0.4516411166087377, -0.027165083803394476, -0.12030756356815855, 0.01988343588817619, 0.025847943802667167, -0.01304510089086607, 0.0027432964424004276, -0.00498831536199914, 0.0089704685388798, -0.01092200316626344], [-0.027165083803394476, 0.012951987860837993, 0.015010801277820441, -0.0005241692440662081, 0.001964914622578121, -0.00032015897403907744, -9.869138902170985e-05, -0.0007840853658504309, 0.00037640045063389016, -0.0005119086119715079], [-0.12030756356815855, 0.015010801277820441, 0.039064329692915865, -0.0049095188752352956, -0.004921602998186169, 0.0025860123849943484, -0.0005151349107597907, 0.00018382074675243136, -0.0017975451031028373, 0.0024125924257329327], [0.01988343588817619, -0.0005241692440662081, -0.0049095188752352956, 0.0015060664703313044, 0.0007311195757768752, -0.00033650768216298994, 0.00027312744965647255, -0.0007768849485086836, 0.0003740438756668282, -0.00012333697536193495], [0.025847943802667167, 0.001964914622578121, -0.004921602998186169, 0.0007311195757768752, 0.004231227096803149, -0.0018298898602691692, -0.000764911792895289, -0.0008884796901172416, 0.0011406695478764636, -0.0017577004621815843], [-0.01304510089086607, -0.00032015897403907744, 0.0025860123849943484, -0.00033650768216298994, -0.0018298898602691692, 0.0023662937689359932, 0.0012958942282113226, -0.0005923610288549099, -0.0008717388353409057, 0.00018307335789555002], [0.0027432964424004276, -9.869138902170985e-05, -0.0005151349107597907, 0.00027312744965647255, -0.000764911792895289, 0.0012958942282113226, 0.0014126500972156228, 5.1685100517865045e-05, -0.0003941152019050566, -0.00015560084196139832], [-0.00498831536199914, -0.0007840853658504309, 0.00018382074675243136, -0.0007768849485086836, -0.0008884796901172416, -0.0005923610288549099, 5.1685100517865045e-05, 0.0036699814092641812, 0.00019091389695536867, 0.00029536912074688707], [0.0089704685388798, 0.00037640045063389016, -0.0017975451031028373, 0.0003740438756668282, 0.0011406695478764636, -0.0008717388353409057, -0.0003941152019050566, 0.00019091389695536867, 0.0006909216553147813, -0.00030027363376324803], [-0.01092200316626344, -0.0005119086119715079, 0.0024125924257329327, -0.00012333697536193495, -0.0017577004621815843, 0.00018307335789555002, -0.00015560084196139832, 0.00029536912074688707, -0.00030027363376324803, 0.0010881406575665997]]]}