{"weights": [0.17099797627154367, 0.16953803219906247, 0.29726605795303, 0.12723304068340366, 0.15371884503674635, 0.08124604785621385], "means": [[6.766879462587823, -0.6539313614321904, 0.30778396700863525, -0.04349357280394151, -0.002357024931339574, -0.00036614007781349684, 0.013069701147983287, 0.0011433709372929664, -0.0020487484372934493, -0.0007273294385123515], [-4.05713930730881, -0.5207780633705831, 0.1778348170669572, 0.2271179175443368, 0.04025460560639602, 0.0077988340860799124, -0.0008199474123700103, -0.010303838539350879, 0.00014474141700555827, 0.005139864740057058], [-3.2449800040316146, -0.19805168741727264, -0.08783919746622303, -0.15015725998315138, -0.04197727098662624, -0.005678374601408242, -0.006011550591296974, 0.008446804440687199, -0.0015164988140358641, -0.0025577094393489323], [0.5925910287422844, 0.5339750943354377, -0.5678566013631963, -0.03813179798058356, 0.04854300825843181, -0.004253460623767549, 0.01985661279747114, -0.012453333943356473, -0.00351427997871518, -0.006093744812139149], [3.0547534805837917, 0.4678786152068457, -0.4229458665015566, 0.12185949518782187, -0.0039530064038523684, 0.007277418235138804, -0.020374737390661226, 0.0022877430633310393, 0.008580852298507646, 0.007071128591543709], [-0.6108752611110905, 1.4662330019239325, 0.9920025138100254, -0.0038356498631492253, 0.006008351036231902, -0.001835133400597783, 0.003652037902573117, 0.0033630738393207317, -0.0011731018773085292, -0.0036721851188997964]], "covariances": [[[0.7861855625961057, -0.008667618505002191, 0.010489192628531041, -0.020519169866491483, -0.0032661234300874063, -0.0005249420881496142, 0.000746396986434857, 0.0007916742565089497, 2.3613324011120383e-05, -1.6642338738428364e-05], [-0.008667618505002191, 0.007576779705180295, 0.005509949080176276, -0.003167371831585433, 0.00016145741432708184, 0.0006813825739450024, -0.003148234604443496, -0.001213057795548263, 0.001236940249335612, 0.0022012712765312127], [0.010489192628531041, 0.005509949080176276, 0.005501407285799382, -0.003222740782162041, 4.751727071708875e-05, 0.0006710532306505219, -0.0021049188846668653, -0.0008659828069490866, 0.001122817968140421, 0.002001419999828703], [-0.020519169866491483, -0.003167371831585433, -0.003222740782162041, 0.002506833155710533, -0.00018418721006508698, -0.0001459805856221993, 0.0012804919996802363, 0.0006429504090029273, -0.0005999429100797499, -0.0011711606498859702], [-0.0032661234300874063, 0.00016145741432708184, 4.751727071708875e-05, -0.00018418721006508698, 0.0003918895593773111, -0.0002539198842857518, 1.3877971707942137e-05, -0.00011207225694833703, -3.5097027113129895e-06, 0.00011300428219124438], [-0.0005249420881496142, 0.0006813825739450024, 0.0006710532306505219, -0.0001459805856221993, -0.0002539198842857518, 0.0007640067026524368, -0.00024120621650415406, 8.356294112188283e-05, 0.00021890797357590485, 0.00012045087429201625], [0.000746396986434857, -0.003148234604443496, -0.0021049188846668653, 0.0012804919996802363, 1.3877971707942137e-05, -0.00024120621650415406, 0.0014793772038705056, 0.00042198278766038396, -0.0004341213546473756, -0.000845577611043136], [0.0007916742565089497, -0.001213057795548263, -0.0008659828069490866, 0.0006429504090029273, -0.00011207225694833703, 8.356294112188283e-05, 0.00042198278766038396, 0.0005792087150900036, -0.00018837108324040082, -0.00033512064954339824], [2.3613324011120383e-05, 0.001236940249335612, 0.001122817968140421, -0.0005999429100797499, -3.5097027113129895e-06, 0.00021890797357590485, -0.0004341213546473756, -0.00018837108324040082, 0.0005346599516394589, 0.0003766332428186718], [-1.6642338738428364e-05, 0.0022012712765312127, 0.002001419999828703, -0.0011711606498859702, 0.00011300428219124438, 0.00012045087429201625, -0.000845577611043136, -0.00033512064954339824, 0.0003766332428186718, 0.0009229467037781074]], [[0.8221165711680171, -0.003477621642838282, 0.0070195959764872695, -0.02356905600210337, -0.007040048154011252, -0.001589563755674262, 0.00140543899662857, 0.0012476210127643022, -0.0003469842317941759, -0.0003590646799190331], [-0.003477621642838282, 0.005562807020984297, 0.00018770417693133822, -0.00599916852785078, 0.0013641246926710002, -0.00046773325211266225, -0.001022016723153326, -0.0003168301990309829, -0.00038073008834323444, -8.355563426244161e-05], [0.0070195959764872695, 0.00018770417693133822, 0.0019389714548225774, -0.000445063385544575, 0.0009191772657296556, -0.0003535271814641523, -0.00030916732965323174, 5.554478718942875e-05, -8.999082118045576e-05, 0.00013874878138278718], [-0.02356905600210337, -0.00599916852785078, -0.000445063385544575, 0.02415436347223631, -0.0055465764894678145, -0.0014241239958603525, 0.0027918872249467768, 0.0018939188967861957, -0.0004995847897748837, -0.0006393695832038467], [-0.007040048154011252, 0.0013641246926710002, 0.0009191772657296556, -0.0055465764894678145, 0.015697223888271657, -0.00021961651888398475, -0.002630199606621299, -0.0006659520838482647, -0.0021114962136127586, -0.0024316612412072906], [-0.001589563755674262, -0.00046773325211266225, -0.0003535271814641523, -0.0014241239958603525, -0.00021961651888398475, 0.0037894221936609824, -0.00042570830671568547, 7.768915867837691e-05, 0.0006063426048408853, -0.0001487870043233182], [0.00140543899662857, -0.001022016723153326, -0.00030916732965323174, 0.0027918872249467768, -0.002630199606621299, -0.00042570830671568547, 0.0008938132092673962, 8.595246753264142e-05, 0.0004332646440052355, 0.00021725190320609708], [0.0012476210127643022, -0.0003168301990309829, 5.554478718942875e-05, 0.0018939188967861957, -0.0006659520838482647, 7.768915867837691e-05, 8.595246753264142e-05, 0.002432514940008016, -0.0004372555567626895, 1.0553069282279783e-05], [-0.0003469842317941759, -0.00038073008834323444, -8.999082118045576e-05, -0.0004995847897748837, -0.0021114962136127586, 0.0006063426048408853, 0.0004332646440052355, -0.0004372555567626895, 0.002935692702050295, 9.342356572331057e-05], [-0.0003590646799190331, -8.355563426244161e-05, 0.00013874878138278718, -0.0006393695832038467, -0.0024316612412072906, -0.0001487870043233182, 0.00021725190320609708, 1.0553069282279783e-05, 9.342356572331057e-05, 0.0014037140425704527]], [[0.3161402767999376, 0.09992423010912492, -0.0646666091363216, 0.0263764522683869, -0.033027295514699816, -0.0001245921108691092, 0.007960109554841976, 0.00207104367276415, -0.007421649154664866, -0.00045488223509471343], [0.09992423010912492, 0.03295443277066307, -0.020127103065503003, 0.007966647993949947, -0.011965504332842878, 0.0004779136092070561, 0.0021763678606226237, 0.0004293455868636142, -0.002520099769990939, 0.00023928969426774774], [-0.0646666091363216, -0.020127103065503003, 0.014224910815922656, -0.005317936028116178, 0.006044274270896654, 0.00010711867533919672, -0.0016290459785712967, -0.000495998877766243, 0.0014129262893113617, 0.0003040789724841289], [0.0263764522683869, 0.007966647993949947, -0.005317936028116178, 0.007461919369906501, -0.006148257685695543, -0.0011496339436085582, 0.0012138542268695038, 0.0006424387732959993, -0.0004812519789832924, -0.00018078324241807553], [-0.033027295514699816, -0.011965504332842878, 0.006044274270896654, -0.006148257685695543, 0.01028742408264683, -0.00011992744143303271, -0.0007771764706452939, 0.000418075492280462, 0.0010665507416689178, -8.24203499296484e-06], [-0.0001245921108691092, 0.0004779136092070561, 0.00010711867533919672, -0.0011496339436085582, -0.00011992744143303271, 0.0038929325693020742, -0.00040024672712825864, -0.000259330203451835, -0.0004292785103852052, -0.00017625013322924909], [0.007960109554841976, 0.0021763678606226237, -0.0016290459785712967, 0.0012138542268695038, -0.0007771764706452939, -0.00040024672712825864, 0.0007790870540136633, -0.0002676685046817213, -0.00018206924777557307, -0.00024340245762154738], [0.00207104367276415, 0.0004293455868636142, -0.000495998877766243, 0.0006424387732959993, 0.000418075492280462, -0.000259330203451835, -0.0002676685046817213, 0.0027654277941839295, 9.043934051966325e-05, -1.074308510587652e-05], [-0.007421649154664866, -0.002520099769990939, 0.0014129262893113617, -0.0004812519789832924, 0.0010665507416689178, -0.0004292785103852052, -0.00018206924777557307, 9.043934051966325e-05, 0.002101120402498114, -0.0003273707769973875], [-0.00045488223509471343, 0.00023928969426774774, 0.0003040789724841289, -0.00018078324241807553, -8.24203499296484e-06, -0.00017625013322924909, -0.00024340245762154738, -1.074308510587652e-05, -0.0003273707769973875, 0.0011627488607926268]], [[0.2575531521743856, 0.04830645275811825, -0.03117454701306657, 0.007349880131389989, 0.004201872284587422, -0.0023137385780049816, 2.5006907771967168e-05, -0.00029478344031074084, 6.893258715988505e-05, -0.0011698131742634516], [0.04830645275811825, 0.00960596938091831, -0.005726725016980853, 0.0014797918568301034, 0.00017317648819583368, -0.0003762643036795863, 4.542720881647363e-06, -6.514463165960702e-05, -6.320601166570507e-05, -0.000265097526229421], [-0.03117454701306657, -0.005726725016980853, 0.0044660445692842185, -0.0009744236584040342, -0.0011381519063227694, -1.1824304092416132e-05, -5.45434219229774e-05, 8.103527247120163e-05, 0.00018038229877146382, -5.338149671426443e-05], [0.007349880131389989, 0.0014797918568301034, -0.0009744236584040342, 0.0009902161883019753, -0.0003233681882361943, 0.00017782354521962994, -2.3929960122374394e-05, 0.00036627842446020027, 0.00021636481320814487, -8.910910854952466e-05], [0.004201872284587422, 0.00017317648819583368, -0.0011381519063227694, -0.0003233681882361943, 0.0017828685928665947, 0.00023819720361358842, 0.00017544824016007605, -0.0001614874902450679, -5.542644496941633e-05, 0.0004059217128747923], [-0.0023137385780049816, -0.0003762643036795863, -1.1824304092416132e-05, 0.00017782354521962994, 0.00023819720361358842, 0.0017974849533968751, -5.583788438812006e-06, 0.00039582010596435395, -2.8028165136849246e-05, -3.5842904515625126e-05], [2.5006907771967168e-05, 4.542720881647363e-06, -5.45434219229774e-05, -2.3929960122374394e-05, 0.00017544824016007605, -5.583788438812006e-06, 0.0002965542559209593, -0.0002620315433438016, 3.855630676879838e-05, 6.992569851284187e-05], [-0.00029478344031074084, -6.514463165960702e-05, 8.103527247120163e-05, 0.00036627842446020027, -0.0001614874902450679, 0.00039582010596435395, -0.0002620315433438016, 0.0013343867321444923, 0.00044731227095556636, -9.040183202806896e-05], [6.893258715988505e-05, -6.320601166570507e-05, 0.00018038229877146382, 0.00021636481320814487, -5.542644496941633e-05, -2.8028165136849246e-05, 3.855630676879838e-05, 0.00044731227095556636, 0.0011566376596621295, -8.609232265292516e-05], [-0.0011698131742634516, -0.000265097526229421, -5.338149671426443e-05, -8.910910854952466e-05, 0.0004059217128747923, -3.5842904515625126e-05, 6.992569851284187e-05, -9.040183202806896e-05, -8.609232265292516e-05, 0.0004696562894878121]], [[0.016568195583284064, -0.0005973906714781968, 0.0011572319856784868, 0.001089542945419064, -0.00030437710054454935, 0.0001888340895842763, -0.00018269203465796853, 1.6799296529892617e-05, 0.00013368827395164525, 0.00010609602264283309], [-0.0005973906714781968, 2.4992345647988734e-05, -4.088796938655494e-05, -4.011489687767441e-05, 7.902296796739632e-06, -8.46919170170503e-06, 5.628627830479591e-06, -3.9133752497669477e-07, -4.389096878989508e-06, -5.182487154196933e-06], [0.0011572319856784868, -4.088796938655494e-05, 8.371294423559209e-05, 7.670523944444884e-05, -2.492024179727581e-05, 1.281253999535717e-05, -1.2495029215556796e-05, 1.4718199339375086e-06, 9.533333943665943e-06, 7.137913875897266e-06], [0.001089542945419064, -4.011489687767441e-05, 7.670523944444884e-05, 7.58889401262199e-05, -2.2097994925636847e-05, 1.431576051288525e-05, -1.2098410322205976e-05, 3.067129085800261e-06, 9.945353489207663e-06, 6.902620843001748e-06], [-0.00030437710054454935, 7.902296796739632e-06, -2.492024179727581e-05, -2.2097994925636847e-05, 1.3648720062725217e-05, -2.748110779057297e-06, 3.712674676377055e-06, -7.155279742929269e-07, -2.9537909713933117e-06, 1.865304703914348e-07], [0.0001888340895842763, -8.46919170170503e-06, 1.281253999535717e-05, 1.431576051288525e-05, -2.748110779057297e-06, 1.1217884134337495e-05, -2.8576977697504657e-06, 3.0368994676236665e-06, 1.1150649537294029e-06, 1.0072541782977373e-06], [-0.00018269203465796853, 5.628627830479591e-06, -1.2495029215556796e-05, -1.2098410322205976e-05, 3.712674676377055e-06, -2.8576977697504657e-06, 2.8035994167170114e-06, -1.008740228371254e-06, -1.4528010457307586e-06, -8.913759012703837e-07], [1.6799296529892617e-05, -3.9133752497669477e-07, 1.4718199339375086e-06, 3.067129085800261e-06, -7.155279742929269e-07, 3.0368994676236665e-06, -1.008740228371254e-06, 6.71076875076607e-06, 2.8463743697812994e-06, -3.073633163032161e-07], [0.00013368827395164525, -4.389096878989508e-06, 9.533333943665943e-06, 9.945353489207663e-06, -2.9537909713933117e-06, 1.1150649537294029e-06, -1.4528010457307586e-06, 2.8463743697812994e-06, 7.166889380069388e-06, 3.6901688350641816e-07], [0.00010609602264283309, -5.182487154196933e-06, 7.137913875897266e-06, 6.902620843001748e-06, 1.865304703914348e-07, 1.0072541782977373e-06, -8.913759012703837e-07, -3.073633163032161e-07, 3.6901688350641816e-07, 3.2378769551213014e-06]], [[3.024298641774356e-09, -2.0602286771927557e-09, -3.579351240608317e-09, -6.833847005539377e-11, 7.475483326370577e-11, -4.758665634774514e-11, 6.481964312919607e-13, -6.845913159959303e-12, -1.76790530145779e-11, -1.3976288948204086e-11], [-2.0602286771927557e-09, 1.4353146358583363e-09, 2.485563263392408e-09, 4.7041021632793015e-11, -5.424807750861177e-11, 2.911809636079285e-11, -2.7597795954537006e-12, 5.313619003827764e-12, 1.4028485068507005e-11, 7.26608714954453e-12], [-3.579351240608317e-09, 2.485563263392408e-09, 4.306968692265722e-09, 8.15891114665858e-11, -9.284613122641405e-11, 5.110866982904278e-11, -3.835770628515611e-12, 9.237415766923758e-12, 2.415936187266237e-11, 1.3348539117110975e-11], [-6.833847005539377e-11, 4.7041021632793015e-11, 8.15891114665858e-11, 3.708243137239865e-12, -2.897992139341071e-12, 1.7282701051185972e-12, -2.485280931566105e-13, 1.3460165100761697e-12, 1.2358634561576215e-12, 2.149912280421969e-14], [7.475483326370577e-11, -5.424807750861177e-11, -9.284613122641405e-11, -2.897992139341071e-12, 6.5841990109807e-12, -5.847883702675683e-13, 3.319424509579629e-13, -4.3747721035580833e-13, -8.3105704148312e-13, 9.959251282841403e-13], [-4.758665634774514e-11, 2.911809636079285e-11, 5.110866982904278e-11, 1.7282701051185972e-12, -5.847883702675683e-13, 5.75317781422331e-12, -4.68180002408837e-13, 1.7577177251745747e-12, 3.505474111444889e-14, -1.6376213775432538e-14], [6.481964312919607e-13, -2.7597795954537006e-12, -3.835770628515611e-12, -2.485280931566105e-13, 3.319424509579629e-13, -4.68180002408837e-13, 5.100612204564928e-13, -4.938127966144134e-13, -4.92147522700016e-14, 1.6387734610856596e-13], [-6.845913159959303e-12, 5.313619003827764e-12, 9.237415766923758e-12, 1.3460165100761697e-12, -4.3747721035580833e-13, 1.7577177251745747e-12, -4.938127966144134e-13, 3.894285882703621e-12, 1.6260735739865204e-12, -2.0998457706808264e-13], [-1.76790530145779e-11, 1.4028485068507005e-11, 2.415936187266237e-11, 1.2358634561576215e-12, -8.3105704148312e-13, 3.505474111444889e-14, -4.92147522700016e-14, 1.6260735739865204e-12, 3.68861079715077e-12, -2.143967630144867e-13], [-1.3976288948204086e-11, 7.26608714954453e-12, 1.3348539117110975e-11, 2.149912280421969e-14, 9.959251282841403e-13, -1.6376213775432538e-14, 1.6387734610856596e-13, -2.0998457706808264e-13, -2.143967630144867e-13, 1.48851992493941e-12]]]}