{"weights": [0.5082231580940121, 0.2008707511215238, 0.2909026668520875, 3.4239323765930493e-06, 1.701929214374078e-19, 1.987927086572695e-41], "means": [[-2.0428046291577577, -0.551897285389368, 0.10444626028677774, -0.49913849229864693, 0.1256483521569096, -0.11091602222373344, -0.016231612508362137, -0.018649684029241595], [4.010285674124915, -2.71415706486178, -0.05133750094381522, 0.06533487158886477, -0.02413428362636072, -0.009423681118692179, -0.013876895541972025, -0.005756595082253971], [-2.2621604091618406, -0.4628244957842433, -0.114835539824224, 1.0419184696716426, -0.2454826222418506, 0.24412161353309425, 0.011528746913730473, 0.024214853389007057], [2.1469579053844465, 3.69140897246474, 3.2669140958789846, 0.2376715528206443, -0.0013660856631934734, 0.037381707350793957, 0.0616435649927935, 0.03490911105369373], [1.7666927051636405, 3.488263137120103, -1.6196114289832215, -0.2192175087977948, 0.4324835708372715, 0.22083914774279056, 0.48319254304196285, -0.08807350960638566], [1.6302368718709492, 3.6230073217982195, -1.3478432409558239, -0.0442788018405293, -0.25095184310172935, -0.14372856055277008, -0.262844273510629, 0.07614051418780979]], "cov": [[[0.021255432719137064, -0.01068246217373217, 0.00889896345484254, -0.07220934922113856, 0.023256584696075656, -0.018255665471163047, -0.00778448322719343, 0.0037135019488856377], [-0.01068246217373217, 0.03239820912973748, -0.017911281099610557, 0.0675237596702624, -0.03903866477626334, 0.007289122635054578, -0.019497804673342813, -0.0041241614409825355], [0.00889896345484254, -0.017911281099610557, 0.021761081488180865, -0.09821949921717808, 0.03586338584784587, -0.011539584436507405, 0.01637538525342658, -0.007275298121393488], [-0.07220934922113856, 0.0675237596702624, -0.09821949921717808, 0.563432557996804, -0.17763906434821206, 0.091655487539812, -0.02239719967518091, 0.03511373824817853], [0.023256584696075656, -0.03903866477626334, 0.03586338584784587, -0.17763906434821206, 0.07845125519099257, -0.018127469136128452, 0.010765056075964988, -0.015609352223983256], [-0.018255665471163047, 0.007289122635054578, -0.011539584436507405, 0.091655487539812, -0.018127469136128452, 0.0335718202117285, -0.0046235195678561705, -0.01115963421678512], [-0.00778448322719343, -0.019497804673342813, 0.01637538525342658, -0.02239719967518091, 0.010765056075964988, -0.0046235195678561705, 0.05034372972101912, 0.009691654051433017], [0.0037135019488856377, -0.0041241614409825355, -0.007275298121393488, 0.03511373824817853, -0.015609352223983256, -0.01115963421678512, 0.009691654051433017, 0.024959721201159395]], [[13.081336495974764, -4.453318963252053, 0.10570782926203293, -2.742627034167974, 0.2633079669250488, -0.8084769398435866, -0.25286776311135856, -0.08346258237874178], [-4.453318963252053, 1.6468412811708641, -0.028431994272805915, 0.8953168129127527, -0.12110528786282553, 0.3030820484390632, 0.046063359298167114, -0.02405600087660379], [0.10570782926203293, -0.028431994272805915, 0.02213887787135485, -0.07513043136609823, 0.0276081389630853, 0.02879477053560849, -0.009608690789252161, 0.01051708639904564], [-2.742627034167974, 0.8953168129127527, -0.07513043136609823, 1.1224171840994317, 0.004336594382890332, -0.12993929087313152, 0.13808279932449463, -0.005975760759920829], [0.2633079669250488, -0.12110528786282553, 0.0276081389630853, 0.004336594382890332, 0.4575521451677282, 0.022895344562220355, -0.10159380486956744, 0.08223315018487042], [-0.8084769398435866, 0.3030820484390632, 0.02879477053560849, -0.12993929087313152, 0.022895344562220355, 0.32657258018900653, -0.08162537788925568, 0.02940323918315791], [-0.25286776311135856, 0.046063359298167114, -0.009608690789252161, 0.13808279932449463, -0.10159380486956744, -0.08162537788925568, 0.0867607574632181, -0.0017206360373166931], [-0.08346258237874178, -0.02405600087660379, 0.01051708639904564, -0.005975760759920829, 0.08223315018487042, 0.02940323918315791, -0.0017206360373166931, 0.15288078381107695]], [[21.10940610006673, 10.476614084904192, 0.6130124933054623, -3.6711760850077524, 1.7644873107970311, -1.3742849716545045, -0.015402115993151893, -0.41255863737771015], [10.476614084904192, 14.316300044601746, 0.3020470251192496, -3.269996047352929, 0.5164133244247956, -0.5900754732126007, 0.024263766067999418, 0.08388943732857736], [0.6130124933054623, 0.3020470251192496, 3.8857581318075463, 0.18010024872318697, -0.061757418730245414, -0.01251464412066049, -0.0176794379231544, 0.00017296839685044561], [-3.6711760850077524, -3.269996047352929, 0.18010024872318697, 1.1918223569034372, -0.012290943553522964, 0.19734937366099348, -0.06929134726908656, 0.019451703553436703], [1.7644873107970311, 0.5164133244247956, -0.061757418730245414, -0.012290943553522964, 0.6532798758352184, -0.07726826890633172, 0.051795993556582515, -0.05088622341201796], [-1.3742849716545045, -0.5900754732126007, -0.01251464412066049, 0.19734937366099348, -0.07726826890633172, 0.1586934544306988, 0.06424921576023027, 0.020726489216357776], [-0.015402115993151893, 0.024263766067999418, -0.0176794379231544, -0.06929134726908656, 0.051795993556582515, 0.06424921576023027, 0.16866361546259737, -0.014524871609701655], [-0.41255863737771015, 0.08388943732857736, 0.00017296839685044561, 0.019451703553436703, -0.05088622341201796, 0.020726489216357776, -0.014524871609701655, 0.0892907616870619]], [[0.2665612636510581, 0.006727449230509578, 2.058960757209831, 0.16063583442287604, 0.10768390362718212, 0.037312379368661414, 0.06983065168736498, 0.02976406207274792], [0.006727449230509578, 0.11168752662314196, 0.717649172713485, 0.01663217218309222, -0.09302565305242975, 0.002886040647240266, 0.015784556248350446, -0.017401163712986306], [2.058960757209831, 0.717649172713485, 21.800372882916488, 1.401163085415248, 0.0199845461319686, 0.35267028958474866, 0.690035992321008, -0.03878037783611359], [0.16063583442287604, 0.01663217218309222, 1.401163085415248, 0.14946925777259895, 0.001407405367488894, 0.006952645344903893, -0.009877029560520001, 0.01989366207808294], [0.10768390362718212, -0.09302565305242975, 0.0199845461319686, 0.001407405367488894, 0.2584777796708839, 0.07157769998756632, 0.11722753331006361, 0.011269949968959693], [0.037312379368661414, 0.002886040647240266, 0.35267028958474866, 0.006952645344903893, 0.07157769998756632, 0.05651746505576544, 0.09256284598713907, -0.0303580460433582], [0.06983065168736498, 0.015784556248350446, 0.690035992321008, -0.009877029560520001, 0.11722753331006361, 0.09256284598713907, 0.19808028026591717, -0.05217426324451587], [0.02976406207274792, -0.017401163712986306, -0.03878037783611359, 0.01989366207808294, 0.011269949968959693, -0.0303580460433582, -0.05217426324451587, 0.04005702239774824]], [[0.08506167135547575, -0.06497040572749571, -0.010841475126844413, 0.029032778881226507, 0.14005854668697792, 0.012435291209897998, 0.01770482751156174, 0.03898267830151452], [-0.06497040572749571, 0.06856570775196993, 0.03728148559223758, -0.022513479232978497, -0.12856182638075203, -0.02144251450636787, -0.027428195255635276, -0.02178950685666387], [-0.010841475126844413, 0.03728148559223758, 0.13096782036308938, 0.027392472300368384, -0.13272746563284415, -0.0806095855664605, -0.1459784330862531, 0.04289470086225926], [0.029032778881226507, -0.022513479232978497, 0.027392472300368384, 0.08217308961847063, -0.05871762838907292, -0.06574948802549187, -0.1579402730887402, 0.057702886661393234], [0.14005854668697792, -0.12856182638075203, -0.13272746563284415, -0.05871762838907292, 0.48311536120480925, 0.19744532184898173, 0.3721060463278183, -0.046233275579756934], [0.012435291209897998, -0.02144251450636787, -0.0806095855664605, -0.06574948802549187, 0.19744532184898173, 0.13270081405687462, 0.2562916553895645, -0.07680606303177602], [0.01770482751156174, -0.027428195255635276, -0.1459784330862531, -0.1579402730887402, 0.3721060463278183, 0.2562916553895645, 0.5453583816315952, -0.15505351269818896], [0.03898267830151452, -0.02178950685666387, 0.04289470086225926, 0.057702886661393234, -0.046233275579756934, -0.07680606303177602, -0.15505351269818896, 0.07086085789574856]], [[0.11340310472703623, -0.09369215163834192, -0.02792315652941244, 0.045698948520084125, 0.18317648245983836, 0.011458270447852052, 0.0006713734349337744, 0.055547859251174704], [-0.09369215163834192, 0.09419102624011816, 0.045289674702091325, -0.03619829148309433, -0.1757041422482039, -0.024444006875523065, -0.019003051670891696, -0.036175884932553554], [-0.02792315652941244, 0.045289674702091325, 0.05756644328188679, -0.003775412160404161, -0.10023347248631824, -0.03992402852290283, -0.04668972497642379, 0.008773744539990873], [0.045698948520084125, -0.03619829148309433, -0.003775412160404161, 0.052016008142396465, 0.03750205980224387, -0.011220104913373118, -0.036768135576254156, 0.031114566750339603], [0.18317648245983836, -0.1757041422482039, -0.10023347248631824, 0.03750205980224387, 0.4106577910136508, 0.08870803920056201, 0.09834357764552819, 0.04899744276280744], [0.011458270447852052, -0.024444006875523065, -0.03992402852290283, -0.011220104913373118, 0.08870803920056201, 0.04797048641145705, 0.0616318746027124, -0.02178714440340908], [0.0006713734349337744, -0.019003051670891696, -0.04668972497642379, -0.036768135576254156, 0.09834357764552819, 0.0616318746027124, 0.10230574349656622, -0.036410903030785494], [0.055547859251174704, -0.036175884932553554, 0.008773744539990873, 0.031114566750339603, 0.04899744276280744, -0.02178714440340908, -0.036410903030785494, 0.04369889467240619]]]}