{"weights": [0.10053616858164008, 0.09375986138664934, 0.3404645736999191, 0.20693291926459814, 0.11058995983936254, 0.1477165172278308], "means": [[3.827750482386667, 0.43036047950148365, -0.39490839574626, 0.14312869635721664, -0.03474572262326498, 0.016171180869261358, 0.10263061260444833, 0.005697833000846192], [-0.6725784269122835, 1.4819183456012344, 1.0132710377560072, -0.008725827373726593, 0.004932957103416455, 0.007241589164287605, -0.005921935312245667, 0.0007759456471873369], [-3.889413728558124, -0.4348623694123356, 0.09886231983667251, 0.028196825287827222, 0.014367529930888632, -0.0009391387242633854, 0.007889022388468699, 0.004466898311889409], [1.1021075820269057, 0.5397549582505312, -0.5433414913468553, 0.0009533245591651955, 0.048626268134557726, -0.008662227056908715, -0.044311192066416996, 0.007766241958782551], [-2.6928005026429385, -0.03193229116927321, -0.20383274672608204, -0.10197483518047788, -0.09676793280249044, 0.01341884726093423, -0.011758864206148988, -0.01440970865283429], [6.870688715327397, -0.6397291797654968, 0.3134574776540315, -0.04664132469146877, -0.001663060013230964, -0.001471140705283807, -0.008992132035291565, 0.00010612971326232739]], "cov": [[[0.24601774636736848, -0.032842021283134015, 0.03946004350379501, -0.006664150403087426, -0.009905281168774873, -0.0007208677292426077, 0.008585145851072186, 0.005255928068713486], [-0.032842021283134015, 0.005411112141002597, -0.0037310942931267, -0.00033861473336961286, 0.0015646149446693813, -9.978431994307349e-05, -0.0013328045507361352, -0.0007006791534098732], [0.03946004350379501, -0.0037310942931267, 0.009550664255002393, -0.0037119251566961314, -0.0011903444224916604, -0.00025751719781796315, 0.0003964029120632638, 0.0011949153213798582], [-0.006664150403087426, -0.00033861473336961275, -0.0037119251566961314, 0.0030919142565377245, -0.0008720594956562569, 0.00018911150536040104, 0.0007210327310401963, -0.00022246665188533607], [-0.009905281168774871, 0.0015646149446693813, -0.0011903444224916604, -0.000872059495656257, 0.0023655119584084804, 0.00029832961117986356, -0.0005117402347465728, -0.0005663075765060806], [-0.0007208677292426077, -9.978431994307349e-05, -0.0002575171978179632, 0.00018911150536040101, 0.00029832961117986356, 0.0017337107900769252, -0.0001276910065817707, 3.3309914302863104e-05], [0.008585145851072184, -0.0013328045507361352, 0.00039640291206326364, 0.0007210327310401963, -0.0005117402347465728, -0.0001276910065817707, 0.0009197562696924615, -6.607488829430044e-05], [0.005255928068713486, -0.0007006791534098732, 0.0011949153213798582, -0.0002224666518853361, -0.0005663075765060806, 3.330991430286307e-05, -6.607488829430044e-05, 0.0009434385244862769]], [[0.24717231751474142, 0.016965755913612535, -0.050029162654423524, 0.007153213882494381, 0.03668019661074756, 0.0037330534916471055, 0.011270493611356283, -0.010531907002882819], [0.01696575591361254, 0.0020640218782410767, -0.0025966255103878045, 0.0002735884132183606, 0.0027675393203355483, 0.00015828209501683285, 0.0010166622706793344, -0.0010316214354114095], [-0.050029162654423524, -0.0025966255103878045, 0.011223113153799383, -0.0014533765736493263, -0.007468446742768429, -0.0005120211294663154, -0.002200972036494642, 0.0019444974399980444], [0.007153213882494382, 0.0002735884132183605, -0.001453376573649327, 0.001040113738531556, 0.00010307610894670177, 8.040477070626318e-05, 0.00021185851109671016, -0.0003114409541923132], [0.03668019661074757, 0.0027675393203355483, -0.007468446742768429, 0.00010307610894670193, 0.0077850268701810735, 0.0013285225749733167, 0.0017394883284748497, -0.002988506553243569], [0.0037330534916471063, 0.00015828209501683282, -0.0005120211294663155, 8.040477070626309e-05, 0.0013285225749733167, 0.004342820592036368, -0.0005527249219539513, 0.0003064934879660026], [0.011270493611356285, 0.0010166622706793342, -0.002200972036494642, 0.00021185851109671016, 0.0017394883284748497, -0.0005527249219539513, 0.0007568490003460332, -0.000806456133959826], [-0.010531907002882819, -0.0010316214354114095, 0.0019444974399980448, -0.0003114409541923132, -0.0029885065532435687, 0.0003064934879660026, -0.000806456133959826, 0.0035180980337746305]], [[0.040373014027047634, 0.017150242216444272, -0.014323581051934034, -0.03465723457396762, -0.008880274231196278, 0.0015099766987608436, 0.0007567523584178541, -0.0002439414317957342], [0.017150242216444272, 0.009637789533825611, -0.004615733689345299, -0.016303500361489705, -0.002551954340272905, 0.00037835310544303636, 0.001548285667751683, 0.0004578419414334925], [-0.014323581051934035, -0.0046157336893453, 0.00678433066017926, 0.014644256556975202, 0.0020565849751496756, -0.000391281431012588, 5.254170489135442e-06, 0.0003739458025991512], [-0.034657234573967625, -0.016303500361489705, 0.014644256556975202, 0.053141195048349986, -0.0028189240421187035, 0.00015458500291367757, -0.0033240713813787377, 0.0003159035466985445], [-0.00888027423119628, -0.002551954340272905, 0.0020565849751496756, -0.0028189240421187035, 0.015670245709825406, -0.00042661978458495087, 0.0019835149563380322, -0.0007973833158770636], [0.0015099766987608436, 0.00037835310544303636, -0.000391281431012588, 0.0001545850029136777, -0.0004266197845849509, 0.004883324508975221, -0.0007021825591078961, -0.0001341128921776985], [0.0007567523584178541, 0.001548285667751683, 5.254170489135544e-06, -0.003324071381378737, 0.0019835149563380322, -0.0007021825591078961, 0.001142883002971627, -7.280353657996607e-05], [-0.00024394143179573417, 0.0004578419414334925, 0.0003739458025991514, 0.0003159035466985442, -0.0007973833158770637, -0.00013411289217769826, -7.280353657996609e-05, 0.0037539071844276233]], [[0.37287593264852636, 0.0001979770317475107, 0.02762876576193051, 0.031124775303702154, -0.004649992248877362, -0.004413447738492463, -0.018708618649003608, -0.009876271828592402], [0.0001979770317475107, 0.0013460727368003092, 0.0004368439231539395, 0.00022619125512189197, -0.0015234524575080087, 0.00025625848078111125, 0.0007003373285657061, 0.00018095844059543858], [0.02762876576193051, 0.00043684392315393954, 0.004206031076323503, 0.0023829672506468667, -0.001396492632667503, -0.000977948401192861, -0.002561865873774221, -0.0005031443558117654], [0.031124775303702154, 0.00022619125512189203, 0.0023829672506468667, 0.005298918257304013, -0.001937134129184132, -0.001156793067226821, -0.0014384243513379347, -0.001660040822601349], [-0.004649992248877362, -0.0015234524575080091, -0.001396492632667503, -0.001937134129184132, 0.0036227903612041862, 0.0005937906423178244, -0.0003158509351582811, 0.00012017094947412286], [-0.004413447738492463, 0.00025625848078111136, -0.000977948401192861, -0.001156793067226821, 0.0005937906423178245, 0.0032965110806048134, 0.0005985173719846785, 0.00016339207593894802], [-0.018708618649003608, 0.0007003373285657063, -0.002561865873774221, -0.0014384243513379344, -0.00031585093515828117, 0.0005985173719846785, 0.0026094248708386815, 0.0003144993531828406], [-0.0098762718285924, 0.00018095844059543855, -0.0005031443558117653, -0.0016600408226013486, 0.00012017094947412283, 0.00016339207593894802, 0.0003144993531828406, 0.0021069278992632973]], [[0.03517845683786843, 0.01064229004398164, -0.007101088189961054, 0.0037888422389243098, -0.0018861617971208085, 0.0033554598376526125, -0.00021456704446685008, -0.00022633151714683775], [0.01064229004398164, 0.0037355184760997926, -0.001680031333164488, 0.0007676449977163107, -0.0009490461508944557, 0.0006766598854463361, 0.00014421736899923417, -0.00020585437822293905], [-0.007101088189961054, -0.001680031333164488, 0.0024828927695932563, -0.0011928821989762456, 0.0001895655197715022, -0.0006594222707235016, -0.0003304426179943394, -0.00011172484387189275], [0.0037888422389243106, 0.0007676449977163107, -0.0011928821989762456, 0.002019787120252711, -0.001092588644288284, 0.000565369922060476, 4.491792823679943e-05, -0.0005828078650397069], [-0.0018861617971208085, -0.0009490461508944556, 0.00018956551977150212, -0.001092588644288284, 0.0021837953531722546, 0.0007613630611261345, -0.00043586879674031035, 0.0003233420381592531], [0.0033554598376526125, 0.0006766598854463361, -0.0006594222707235015, 0.0005653699220604759, 0.0007613630611261345, 0.0033787653497133886, -0.0008214399139449985, -0.00012209344907841956], [-0.00021456704446685008, 0.00014421736899923417, -0.0003304426179943395, 4.491792823679942e-05, -0.00043586879674031035, -0.0008214399139449985, 0.0007463153742055561, -0.000434827388634097], [-0.0002263315171468378, -0.00020585437822293905, -0.00011172484387189274, -0.0005828078650397069, 0.00032334203815925306, -0.00012209344907841948, -0.000434827388634097, 0.002798646914987848]], [[0.0005696110518668887, 0.0005559500199586302, 0.0010086987421097267, -0.00033532762510142257, -0.00011857343000303218, -9.489473485937271e-05, 0.0002198822892204733, -0.00019373242435638964], [0.0005559500199586302, 0.009646088088617803, 0.006974018113225763, -0.004436750548415657, 0.0003242081172352577, -0.0004426153041613246, 0.004251664183926446, 0.0010093616417053846], [0.0010086987421097267, 0.006974018113225763, 0.006096340405425835, -0.003483255223934469, 0.0002002499399825595, -0.00057167516592811, 0.0028210359510853975, 0.0004622658346130811], [-0.0003353276251014226, -0.004436750548415657, -0.003483255223934469, 0.0022685282989090075, -0.0003440831051555996, 8.869205224813321e-05, -0.0018039661088866828, -0.0005527655165968086], [-0.00011857343000303218, 0.0003242081172352577, 0.0002002499399825595, -0.0003440831051555996, 0.0003345836696419111, 0.0002784703187276207, 1.809557755637066e-05, 0.00023623427287989301], [-9.489473485937274e-05, -0.0004426153041613246, -0.0005716751659281101, 8.869205224813321e-05, 0.0002784703187276207, 0.0007026374661384597, -0.00018272639742642204, 0.0002466464475029549], [0.0002198822892204733, 0.004251664183926446, 0.0028210359510853975, -0.0018039661088866828, 1.809557755637066e-05, -0.00018272639742642204, 0.0020373506839216735, 0.0003855587643753805], [-0.00019373242435638964, 0.0010093616417053846, 0.0004622658346130811, -0.0005527655165968086, 0.00023623427287989301, 0.0002466464475029549, 0.0003855587643753805, 0.0005224826537697583]]]}