{"weights": [0.1711406560757199, 0.15098925707068303, 0.2923223199055741, 0.1506484379059449, 0.15436241612749751, 0.08053691291458029], "means": [[3.806914509362028, 0.4297205115626336, -0.4011097251109233, 0.14716923769313994, -0.03129091577124689, 0.017054708449842616, 0.09990243968156264, -0.00025431731625614155], [-0.6861664709722122, 1.4775605813201973, 1.0119714361931769, -0.011956459604863048, 0.00695621145714171, 0.0006839046947935252, -0.006120636385913814, -0.0026474679126683815], [-3.913510537680008, -0.44466360164972185, 0.10424945839876223, 0.02390247837519209, 0.027401850691181943, 0.004028024450357827, 0.008724976513225888, -0.0035393184655778333], [1.1019746910178991, 0.5396160045754914, -0.5437029436411049, 0.012912689779877765, 0.03420809681436485, -0.022048364909212026, -0.04366586217195284, 0.0018203755474124781], [-2.696692189836213, -0.033171672710366314, -0.19943184383861315, -0.10405562088612792, -0.09722173785537765, 0.007995644887505758, -0.012330883270053362, -0.023766507988302012], [6.867845798680335, -0.6549689413422983, 0.2983000752924701, -0.0395402811793985, -0.0009880923298904733, 0.0018422958121887916, -0.014126429960389925, -0.0005117540875306757]], "cov": [[[0.1772887628329615, -0.023699359471462796, 0.02835647151188444, -0.0047638899777896326, -0.007095412388572649, -0.0004653542050512503, 0.006211712959313277, 0.003771918192630371], [-0.023699359471462792, 0.004115331677309049, -0.002365596974701981, -0.00047825706627356416, 0.0010617810304871947, -0.0001695995084943228, -0.0010066204444915162, -0.0004015754937650126], [0.02835647151188444, -0.0023655969747019816, 0.007566230217005178, -0.003094584574461087, -0.0009265244840900033, -0.00044509221033180814, 8.001218171324751e-05, 0.0009571018945428293], [-0.004763889977789633, -0.00047825706627356416, -0.0030945845744610873, 0.0028652395379820624, -0.0008912093087861512, 4.493338244318646e-05, 0.000676976126947868, -0.00015357457224435993], [-0.007095412388572649, 0.0010617810304871947, -0.0009265244840900033, -0.0008912093087861512, 0.0026812837848122608, 0.0008238773921273334, -0.00040853232500154404, -0.00062080740739746], [-0.0004653542050512503, -0.0001695995084943228, -0.00044509221033180814, 4.493338244318646e-05, 0.0008238773921273334, 0.0014168401337412147, -1.0954436448703313e-05, -0.00022391246946324673], [0.006211712959313277, -0.0010066204444915162, 8.001218171324748e-05, 0.0006769761269478679, -0.00040853232500154404, -1.095443644870334e-05, 0.0007810210996993655, -1.1408186408528482e-05], [0.003771918192630371, -0.0004015754937650126, 0.0009571018945428293, -0.00015357457224435993, -0.00062080740739746, -0.00022391246946324673, -1.140818640852842e-05, 0.0008306825315826021]], [[0.2518127093407963, 0.01726039539405598, -0.05100564903677389, 0.007246701826254775, 0.03742345578704389, 0.0037829276812795807, 0.011489960849443537, -0.010776728470961122], [0.01726039539405598, 0.0018868248920342371, -0.0028601260133442005, 0.0004001693721115736, 0.0027869308243203108, 0.00018745654488921533, 0.0009719092362708273, -0.0010518653120857998], [-0.05100564903677389, -0.002860126013344201, 0.01118670109960146, -0.0014979964648220692, -0.007602070510492545, -0.0005083311971084794, -0.0022694625998700563, 0.0019979358297761403], [0.007246701826254775, 0.0004001693721115735, -0.0014979964648220692, 0.0008069371433196899, 0.0003969842693387603, -4.0068489383328224e-05, 0.0002756627906291183, -0.0001333765933227462], [0.03742345578704389, 0.002786930824320311, -0.007602070510492546, 0.0003969842693387605, 0.007581253655236244, 0.001514243253673156, 0.0017228396366465537, -0.002934723724476082], [0.0037829276812795807, 0.00018745654488921533, -0.0005083311971084795, -4.006848938332817e-05, 0.001514243253673156, 0.0044357063639116805, -0.00055696613629894, 0.0003067472633441043], [0.011489960849443539, 0.0009719092362708274, -0.0022694625998700563, 0.00027566279062911836, 0.0017228396366465537, -0.00055696613629894, 0.00073689754508977, -0.0007949131842202075], [-0.010776728470961122, -0.0010518653120857998, 0.0019979358297761403, -0.00013337659332274615, -0.0029347237244760817, 0.0003067472633441043, -0.0007949131842202075, 0.002966990559418681]], [[0.04496517541006321, 0.019302102679681462, -0.016033488969931037, -0.0400524179967073, -0.008878552438703634, 0.0016327236402989595, 0.0011013678371787484, -0.0004907594223404694], [0.019302102679681465, 0.010685367480507147, -0.005386454644651812, -0.018618020492598666, -0.002512915655872214, 0.0003860931406261521, 0.001699509728411566, 0.0007275440850337872], [-0.016033488969931037, -0.005386454644651811, 0.007425587329865031, 0.016752258255155902, 0.00224540636006058, -0.0004643507204515613, -0.00010653614145347266, 0.0007269411002591169], [-0.04005241799670729, -0.018618020492598666, 0.016752258255155902, 0.05921001941026571, -0.0018131885711183955, 7.887734328046869e-05, -0.003514331921350894, 0.0001682023878389666], [-0.008878552438703634, -0.0025129156558722134, 0.00224540636006058, -0.001813188571118395, 0.01535087101564875, -0.0002527811979470461, 0.0019262822185421846, -0.0009702447152781874], [0.0016327236402989588, 0.00038609314062615184, -0.0004643507204515612, 7.887734328046833e-05, -0.0002527811979470464, 0.005451652132293376, -0.0007839064766393035, 2.3155267730562026e-05], [0.0011013678371787484, 0.001699509728411566, -0.00010653614145347269, -0.003514331921350894, 0.0019262822185421844, -0.0007839064766393035, 0.0011482573722039137, 4.9691749711611845e-05], [-0.0004907594223404694, 0.0007275440850337872, 0.000726941100259117, 0.0001682023878389665, -0.0009702447152781874, 2.315526773056187e-05, 4.9691749711611886e-05, 0.0039051204426931063]], [[0.42992247799717015, 0.00019297881673005683, 0.03188340218883541, 0.03589372164013497, -0.0053232217215410955, -0.005075889499954488, -0.02162487136160156, -0.011407248456326955], [0.00019297881673005683, 0.0014158669531578788, 0.0006132414860468898, 0.00044981412217236753, -0.0017407777885905737, 0.0001179860374212169, 0.0006464373000995169, 0.00016599526438986333], [0.03188340218883541, 0.0006132414860468898, 0.004520210528525024, 0.0028887113403057263, -0.0017422698848862995, -0.001141113585000039, -0.002641901221088884, -0.0005516274776285258], [0.03589372164013497, 0.00044981412217236764, 0.0028887113403057263, 0.00592509307520156, -0.0024338769065636407, -0.0015247497107179421, -0.0015672445207466348, -0.0018321049665116986], [-0.0053232217215410955, -0.0017407777885905737, -0.0017422698848862995, -0.002433876906563641, 0.004320290392827799, 0.0009526629503180154, -0.0002783122035456467, 0.00021283793320224563], [-0.005075889499954488, 0.00011798603742121693, -0.0011411135850000395, -0.0015247497107179421, 0.0009526629503180153, 0.003158266929740012, 0.0006179132916335778, 0.00032658440467391226], [-0.02162487136160156, 0.000646437300099517, -0.0026419012210888845, -0.0015672445207466346, -0.0002783122035456467, 0.0006179132916335778, 0.002571430434423964, 0.00032654674349447344], [-0.011407248456326955, 0.00016599526438986327, -0.0005516274776285259, -0.0018321049665116986, 0.00021283793320224563, 0.00032658440467391226, 0.0003265467434944735, 0.001991355332045761]], [[0.041646181786718084, 0.012595631844579756, -0.008431448182934854, 0.004546452296941366, -0.002274663167260917, 0.004034656151162288, -0.00023684800940620732, -0.000311870744584894], [0.012595631844579756, 0.00429864340783876, -0.0021209693699736094, 0.0010580452704911638, -0.0010959233446663258, 0.0008433023742666184, 0.00015285776451046882, -0.00026419819447298827], [-0.008431448182934854, -0.0021209693699736094, 0.002670942488693516, -0.001307600440463447, 0.0002829781559134025, -0.0007991273911996425, -0.0002937973760882117, -8.69493089968129e-05], [0.004546452296941366, 0.0010580452704911638, -0.001307600440463447, 0.0019498471616765816, -0.0011281352747488504, 0.00046086018154138593, 7.893153375286957e-05, -0.0004872754443619021], [-0.002274663167260917, -0.0010959233446663258, 0.00028297815591340244, -0.0011281352747488504, 0.0022730255769593415, 0.0009733131153575627, -0.0005245877017751018, 0.000394459846312038], [0.004034656151162287, 0.0008433023742666184, -0.0007991273911996423, 0.00046086018154138593, 0.0009733131153575627, 0.0035374917299470063, -0.0009250882642019175, 0.00014455901373309574], [-0.00023684800940620732, 0.00015285776451046882, -0.0002937973760882117, 7.893153375286959e-05, -0.0005245877017751018, -0.0009250882642019176, 0.0007554341229465985, -0.00045770296985848507], [-0.000311870744584894, -0.00026419819447298827, -8.694930899681285e-05, -0.0004872754443619021, 0.000394459846312038, 0.0001445590137330957, -0.0004577029698584851, 0.002438976398935405]], [[0.0005788704828290727, 0.0003434919196705247, 0.0008675378776697766, -0.000227973116177965, -0.00014845220339526272, -9.570826466968061e-05, 0.000133713719276989, -0.00022138636626001611], [0.0003434919196705247, 0.007238801817370765, 0.005112138597458931, -0.003298544570586642, 0.0002521915569155346, -0.0003000032094771237, 0.003216250742331667, 0.0007866067397939414], [0.0008675378776697767, 0.005112138597458931, 0.00468973180373617, -0.0025971199903209604, 0.00011957123893354901, -0.000498372871524137, 0.002019572444459818, 0.0002718732234637894], [-0.00022797311617796503, -0.003298544570586642, -0.0025971199903209604, 0.0017269039778500688, -0.00030845063297019984, 3.2765208246997e-05, -0.0013160536839268576, -0.0004388363153528677], [-0.00014845220339526272, 0.00025219155691553455, 0.00011957123893354901, -0.00030845063297019984, 0.0003487235321451633, 0.00028327606925397083, -9.886373389089094e-06, 0.00020954349536840927], [-9.570826466968057e-05, -0.0003000032094771237, -0.000498372871524137, 3.276520824699699e-05, 0.0002832760692539708, 0.0007133092901284283, -0.00010782688781438484, 0.0002620870489539303], [0.00013371371927698897, 0.0032162507423316665, 0.0020195724444598178, -0.0013160536839268574, -9.88637338908911e-06, -0.00010782688781438484, 0.0015943832811075673, 0.00029162165471399135], [-0.00022138636626001617, 0.0007866067397939414, 0.0002718732234637894, -0.00043883631535286764, 0.00020954349536840927, 0.00026208704895393036, 0.0002916216547139914, 0.0005584442165877243]]]}