{"weights": [0.17222195908099328, 0.16667300471850266, 0.2999861232414311, 0.12778683631355484, 0.1555507682184051, 0.07778130842711298], "means": [[6.848676363304757, -0.6656899810603064, 0.28147501432115724, -0.03245379191602934, -0.0014327849444077385, 0.01397415130791943, -0.012459992704893088, 0.0008510806983963725], [-4.112178797831262, -0.5198278211973781, 0.1732038322978008, 0.20477191993865804, 0.05262917330712373, 0.005753782630537146, 0.013907978350127663, 0.004262685642372373], [-3.28404166833265, -0.2166970820518979, -0.07210624142558521, -0.14337227466682004, -0.055420123241460804, -0.0023579420020280054, 0.0019944209211691364, -0.006311352945561722], [0.6846523022376694, 0.5604933946354401, -0.5587205072446233, -0.040013053806643155, 0.06128229288158707, 0.013872011105915747, 0.00620628398355358, 0.03342455065770666], [2.6792128163975284, 0.5264714942936152, -0.4417252935613556, 0.12310751245624724, -0.004807134550158498, 0.0017444004067565916, 0.003735484458817686, -0.012740232454086111], [3.54172084538526, 1.7140691875061291, 0.24664710509625767, 0.17648834593525847, 0.5164986363983469, -0.2677590123289099, -0.07681834742296474, -0.06312728813578104]], "cov": [[[0.005842996499571893, 0.00033906224053629975, 0.0010016423624532077, -0.00046396229982148714, -9.172861384858909e-05, -9.100825291362969e-05, 5.6057445270181704e-05, -0.0001024955328678022], [0.00033906224053629975, 0.008406658985725924, 0.0063107490068552395, -0.003883045231424276, 0.00030587688357154477, -0.002033126215692865, 0.0037657044486707385, -0.00020985731586784686], [0.0010016423624532077, 0.0063107490068552395, 0.005756011073716113, -0.0032411841522413934, 0.00020286075521797775, -0.001319595124683037, 0.002690209692543135, -0.0003013720960782254], [-0.00046396229982148714, -0.003883045231424276, -0.0032411841522413934, 0.0019752255380448384, -0.00022623466579807836, 0.0009007236855678123, -0.0016526937698749591, 0.00011629615107445714], [-9.172861384858909e-05, 0.00030587688357154477, 0.00020286075521797775, -0.00022623466579807836, 0.0001704123023366043, -0.00013472129319782997, 4.8312044628316634e-05, 9.814191926665926e-08], [-9.100825291362969e-05, -0.002033126215692865, -0.001319595124683037, 0.0009007236855678123, -0.00013472129319782997, 0.0008470443968454511, -0.0007695061914922693, -5.992530762017484e-05], [5.6057445270181704e-05, 0.0037657044486707385, 0.002690209692543135, -0.0016526937698749591, 4.8312044628316634e-05, -0.0007695061914922693, 0.0018337944024427472, -9.461759935361206e-05], [-0.0001024955328678022, -0.00020985731586784686, -0.0003013720960782254, 0.00011629615107445714, 9.814191926665926e-08, -5.992530762017484e-05, -9.461759935361206e-05, 0.00017778298358063122]], [[0.0072992519477961555, 0.000888241498755754, 0.00043392649973518315, 0.0005614957205452111, -0.0017696623868768393, -4.305658878497359e-05, -0.0005342398496034268, 0.0002592510948539445], [0.000888241498755754, 0.002599902322853141, 0.001158798807005788, -0.0023831171730432812, 0.0030052948776786792, -0.0003193198455520019, 0.001299484178039838, -0.00017429676607896854], [0.00043392649973518315, 0.001158798807005788, 0.0006829611667730194, -0.0004574214974124011, 0.0011761831981682836, -0.00011439632830173727, 0.0004404425989442283, -0.00038176311945594017], [0.0005614957205452111, -0.0023831171730432812, -0.0004574214974124011, 0.01663926173785033, -0.006129468993504196, 0.001005191617213886, -0.002388422437142826, -0.0008698758468516573], [-0.0017696623868768393, 0.0030052948776786792, 0.0011761831981682836, -0.006129468993504196, 0.014491221363479984, -0.0011811013312274061, 0.0036770565208593276, -0.0003205242662250314], [-4.305658878497359e-05, -0.0003193198455520019, -0.00011439632830173727, 0.001005191617213886, -0.0011811013312274061, 0.0011842173238365958, 0.0005955465496941348, -0.0006939670774274382], [-0.0005342398496034268, 0.001299484178039838, 0.0004404425989442283, -0.002388422437142826, 0.0036770565208593276, 0.0005955465496941348, 0.00240223941673877, -0.00021966209695136444], [0.0002592510948539445, -0.00017429676607896854, -0.00038176311945594017, -0.0008698758468516573, -0.0003205242662250314, -0.0006939670774274382, -0.00021966209695136444, 0.003080957696467805]], [[0.28501593970869016, 0.09433059286219748, -0.059804281800248174, 0.030097692043916532, -0.03409567746065021, -0.00039409641460551434, -0.008131168997769075, -0.0020517984843901695], [0.09433059286219748, 0.03221310125371812, -0.019092150740828644, 0.01014715456882788, -0.013364398740856228, -7.290096146367827e-05, -0.0020098410051679018, -3.359065439569468e-05], [-0.059804281800248174, -0.019092150740828644, 0.01347436831230701, -0.006262236828125723, 0.005743897364033638, 0.0003457071499561225, 0.0019775027908301174, 0.0009893370311306183], [0.030097692043916532, 0.01014715456882788, -0.006262236828125723, 0.005047433849432538, -0.005296305202034367, -0.0003146171745527999, -0.0009952240999445887, -0.0005994909397098909], [-0.03409567746065021, -0.013364398740856228, 0.005743897364033638, -0.005296305202034367, 0.01063295657200551, -0.0006187654398827518, -0.0009151035679461295, -0.0008585485994518705], [-0.00039409641460551434, -7.290096146367827e-05, 0.0003457071499561225, -0.0003146171745527999, -0.0006187654398827518, 0.0021600250331699697, 0.0017217688074174396, 0.0001179616674050305], [-0.008131168997769075, -0.0020098410051679018, 0.0019775027908301174, -0.0009952240999445887, -0.0009151035679461295, 0.0017217688074174396, 0.002594065583479724, 0.0006414485930117415], [-0.0020517984843901695, -3.359065439569468e-05, 0.0009893370311306183, -0.0005994909397098909, -0.0008585485994518705, 0.0001179616674050305, 0.0006414485930117415, 0.0033258886582052914]], [[0.04812711094514391, 0.005095872757105402, -0.0005638917201710127, 0.0005081542032846708, -0.00035415217930359687, -0.00681463435188547, -0.003005990075074595, -0.00038735141368141803], [0.005095872757105402, 0.0015347565666604362, 0.000731237723072078, 0.00013222365122231823, -0.001776006373531064, -0.0011153510403841497, -4.343316420567375e-05, 2.2860705657715605e-05], [-0.0005638917201710127, 0.000731237723072078, 0.0008937831712239187, 0.0002853369105567244, -0.0015912840862841186, -0.00015124794065689339, 0.00016387723893438716, 0.00020544287857999501], [0.0005081542032846708, 0.00013222365122231823, 0.0002853369105567244, 0.0011024751029427987, -0.0007458709792175815, 0.0002564081729438334, -0.00024302409660890016, -0.0005838673903189255], [-0.00035415217930359687, -0.001776006373531064, -0.0015912840862841186, -0.0007458709792175815, 0.004018667623804254, 0.000579225553974602, -0.0003395671275767732, 0.0005979955778747343], [-0.00681463435188547, -0.0011153510403841497, -0.00015124794065689339, 0.0002564081729438334, 0.000579225553974602, 0.0031651608072648866, 0.0017953161216399409, -0.0002538183483366568], [-0.003005990075074595, -4.343316420567375e-05, 0.00016387723893438716, -0.00024302409660890016, -0.0003395671275767732, 0.0017953161216399409, 0.001738904711105144, 0.0001105485864008653], [-0.00038735141368141803, 2.2860705657715605e-05, 0.00020544287857999501, -0.0005838673903189255, 0.0005979955778747343, -0.0002538183483366568, 0.0001105485864008653, 0.002022704172634626]], [[1.119769462190617, -0.06175308322898287, 0.051923783059743184, 0.017984839540380396, -0.026205410922532868, -0.09101943539649367, 0.06685232192342236, -0.011450768710880509], [-0.06175308322898287, 0.004719155485698466, -0.003101897991994176, -0.0010717344663261938, 0.0019562952567156364, 0.004475212585172164, -0.003594783308049513, 0.0004807882428016395], [0.051923783059743184, -0.003101897991994176, 0.007497954254597068, -0.0022284186320796202, -0.0006560141581902206, -0.002478502852768112, 0.0024611027764544877, 0.00011910262748300586], [0.017984839540380396, -0.0010717344663261938, -0.0022284186320796202, 0.003302479784007888, -0.0016247345817087325, -0.0029945485001968706, 0.001503928646513028, -0.0003788440450880634], [-0.026205410922532868, 0.0019562952567156364, -0.0006560141581902206, -0.0016247345817087325, 0.0023841145871613535, 0.002120001429862559, -0.001838657977341768, -0.0002710988691535347], [-0.09101943539649367, 0.004475212585172164, -0.002478502852768112, -0.0029945485001968706, 0.002120001429862559, 0.009490961947109872, -0.005092984733511637, 0.0009848285041354449], [0.06685232192342236, -0.003594783308049513, 0.0024611027764544877, 0.001503928646513028, -0.001838657977341768, -0.005092984733511637, 0.004566033527262019, -0.0007486844415339164], [-0.011450768710880509, 0.0004807882428016395, 0.00011910262748300586, -0.0003788440450880634, -0.0002710988691535347, 0.0009848285041354449, -0.0007486844415339164, 0.0009056735497929495]], [[18.51896076900028, 1.18116584256159, -3.5618060895470767, 0.8214752763317017, 2.219177935821374, -1.159747266506344, -0.29006989531939553, -0.2710970274611476], [1.18116584256159, 0.07570624777405881, -0.22673953947699926, 0.05249679403620075, 0.14155433921456467, -0.07360436236134892, -0.018327717839525255, -0.017869984964254976], [-3.5618060895470767, -0.22673953947699926, 0.6857393973480767, -0.1578464533927744, -0.4268430758359652, 0.22336838055869887, 0.05583945230705085, 0.0513248810658795], [0.8214752763317017, 0.05249679403620075, -0.1578464533927744, 0.03701522339587424, 0.09778667634403052, -0.051091569305559886, -0.012655318848638578, -0.012566424145904235], [2.219177935821374, 0.14155433921456467, -0.4268430758359652, 0.09778667634403052, 0.2675714969710844, -0.13977224178650868, -0.03569499158031557, -0.032912358858462845], [-1.159747266506344, -0.07360436236134892, 0.22336838055869887, -0.051091569305559886, -0.13977224178650868, 0.07447921666090875, 0.01968197747892408, 0.016150733880423047], [-0.29006989531939553, -0.018327717839525255, 0.05583945230705085, -0.012655318848638578, -0.03569499158031557, 0.01968197747892408, 0.006003716875252709, 0.004313844547357925], [-0.2710970274611476, -0.017869984964254976, 0.0513248810658795, -0.012566424145904235, -0.032912358858462845, 0.016150733880423047, 0.004313844547357925, 0.007598962017884845]]]}