{"weights": [0.17222192275024673, 0.16667297488464844, 0.2999861781564219, 0.1277868568393461, 0.15555075909949947, 0.07778130826983741], "means": [[6.8534311620439645, -0.6412719697541417, 0.29960635631746313, -0.04177065498160492, -0.0020169207095638835, 0.006071135702981711, -0.0018685181984170452, -9.491012389315422e-05], [-4.119799433831304, -0.5250792407619024, 0.16979445779772792, 0.21019406086844242, 0.04004151752158061, 0.003469024272567916, 0.011307349003001711, 0.021750057196853252], [-3.2374876762026954, -0.20102300266753467, -0.08552037920067139, -0.13544279900346734, -0.057606842385588976, -0.004395824913578114, 0.007274677425355375, -0.0038164395654979584], [0.6116967549359311, 0.5451369157126129, -0.567295105684098, -0.0389061497883929, 0.07270526296789624, 0.016998503913824885, -0.0014853771342151578, 0.01599342247767025], [2.5130316565725788, 0.5184386239535211, -0.4120198902408165, 0.09661904866047018, -0.008960538924996972, 0.039958195963892204, -0.006700135990183366, -0.0010161273942388702], [5.653552268330731, 1.8913285014346146, -0.13744542973172164, 0.30411636780487034, 0.8488459224706486, -0.169347882051589, -0.003302711415287046, -0.5232947490944193]], "cov": [[[0.005806455039221239, 0.0003154791666506228, 0.0009796739693113546, -0.00045345395649947217, -9.167705851300549e-05, -7.390417236725692e-05, 5.350844239829768e-05, -0.00010817194368411163], [0.0003154791666506228, 0.008412197678089872, 0.006294595804642295, -0.0038833931691529054, 0.000304003838140709, -0.001986748964931134, 0.003808735356520389, -0.0002437830173239821], [0.0009796739693113546, 0.006294595804642295, 0.005728959053763968, -0.003233688026502042, 0.00020195148906326273, -0.0012785972467432222, 0.0027133669778668674, -0.0003257786682401231], [-0.00045345395649947217, -0.0038833931691529054, -0.003233688026502042, 0.001974634574074155, -0.0002255547324935056, 0.0008824527833780026, -0.0016683367659132116, 0.0001291734540678481], [-9.167705851300549e-05, 0.000304003838140709, 0.00020195148906326273, -0.0002255547324935056, 0.0001704975828797096, -0.00013526682569964607, 4.652613762818103e-05, 9.769663993677274e-07], [-7.390417236725692e-05, -0.001986748964931134, -0.0012785972467432222, 0.0008824527833780026, -0.00013526682569964607, 0.0008164435006359108, -0.000762538545731746, -5.0811186495887464e-05], [5.350844239829768e-05, 0.003808735356520389, 0.0027133669778668674, -0.0016683367659132116, 4.652613762818103e-05, -0.000762538545731746, 0.0018700802231539618, -0.00011090730570575818], [-0.00010817194368411163, -0.0002437830173239821, -0.0003257786682401231, 0.0001291734540678481, 9.769663993677274e-07, -5.0811186495887464e-05, -0.00011090730570575818, 0.00018040335517469013]], [[0.007310732693128594, 0.0009148782798181808, 0.0004575679014003949, 0.0006739445125363645, -0.0017890019691865317, -7.22097713844125e-05, -0.0005684213003280492, 0.0002119450294829127], [0.0009148782798181808, 0.002630212553384218, 0.0011828737209585776, -0.002318033580976105, 0.0030206836755979987, -0.00033419696141074673, 0.0012818498388157443, -0.00024679305193198246], [0.0004575679014003949, 0.0011828737209585776, 0.0007014378590937549, -0.0004197174764699339, 0.0011967176973744491, -0.0001221450688104454, 0.00043116738493029493, -0.0004434701133325666], [0.0006739445125363645, -0.002318033580976105, -0.0004197174764699339, 0.016472527653662243, -0.00591432275349768, 0.0010624809776111845, -0.0023224916324338135, -0.0011159759301231855], [-0.0017890019691865317, 0.0030206836755979987, 0.0011967176973744491, -0.00591432275349768, 0.014390836765320924, -0.0012416743863847314, 0.003606431612304826, -0.0003035989606757641], [-7.22097713844125e-05, -0.00033419696141074673, -0.0001221450688104454, 0.0010624809776111845, -0.0012416743863847314, 0.0011655336430612896, 0.0005739747296442789, -0.0006320539203165448], [-0.0005684213003280492, 0.0012818498388157443, 0.00043116738493029493, -0.0023224916324338135, 0.003606431612304826, 0.0005739747296442789, 0.002377338155633863, -0.0001468570822702008], [0.0002119450294829127, -0.00024679305193198246, -0.0004434701133325666, -0.0011159759301231855, -0.0003035989606757641, -0.0006320539203165448, -0.0001468570822702008, 0.0032276705500255388]], [[0.2832974551433933, 0.09396175380611936, -0.05919619175275452, 0.029994050135100748, -0.03460842851079489, -0.0001886966813930413, -0.007907617976372714, -0.0019278166861418072], [0.09396175380611936, 0.032159549765015456, -0.018947866694984567, 0.010147995468944966, -0.013546892178784081, -1.2930548780397005e-05, -0.0019107746046195747, 1.9398064740883163e-05], [-0.05919619175275452, -0.018947866694984567, 0.013266630092310206, -0.00621314700202794, 0.005886344048755406, 0.00028158309453940806, 0.0019258858727799622, 0.0009596590288596637], [0.029994050135100748, 0.010147995468944966, -0.00621314700202794, 0.00506205530182891, -0.005392532269683119, -0.0002879141599969113, -0.0009356889215336988, -0.0005682334106448247], [-0.03460842851079489, -0.013546892178784081, 0.005886344048755406, -0.005392532269683119, 0.010684919893131027, -0.0006024325565006369, -0.000992922087666318, -0.0008961801407180256], [-0.0001886966813930413, -1.2930548780397005e-05, 0.00028158309453940806, -0.0002879141599969113, -0.0006024325565006369, 0.0021453361060056186, 0.00172674458673339, 0.00011950928473796256], [-0.007907617976372714, -0.0019107746046195747, 0.0019258858727799622, -0.0009356889215336988, -0.000992922087666318, 0.00172674458673339, 0.0026668919328357186, 0.0006779412762875193], [-0.0019278166861418072, 1.9398064740883163e-05, 0.0009596590288596637, -0.0005682334106448247, -0.0008961801407180256, 0.00011950928473796256, 0.0006779412762875193, 0.0033441148331210357]], [[0.054365163908820326, 0.005923282180588922, -0.0005723310714544316, 0.000531713642081128, -0.001014465325168265, -0.00767593236386271, -0.0031872879051988447, -0.00033904659383050573], [0.005923282180588922, 0.0016066968837336899, 0.0006723642978720125, 0.00014455523966049806, -0.0018389487994967637, -0.001275829467332751, -0.0001328024503522869, -8.302149092731347e-05], [-0.0005723310714544316, 0.0006723642978720125, 0.0008058042807974952, 0.00029931666562451784, -0.001552849991288979, -0.00022074257889265547, 6.444439767435126e-05, 3.408272637507276e-05], [0.000531713642081128, 0.00014455523966049806, 0.00029931666562451784, 0.001100333692733675, -0.0007543426349241437, 0.00026442111937609975, -0.00022782581271040597, -0.0005563936718678761], [-0.001014465325168265, -0.0018389487994967637, -0.001552849991288979, -0.0007543426349241437, 0.004072546406377508, 0.0007005428802109957, -0.0002778489971138803, 0.0006659645348084564], [-0.00767593236386271, -0.001275829467332751, -0.00022074257889265547, 0.00026442111937609975, 0.0007005428802109957, 0.0032275378235870032, 0.0017404472932431379, -0.00039784438703322644], [-0.0031872879051988447, -0.0001328024503522869, 6.444439767435126e-05, -0.00022782581271040597, -0.0002778489971138803, 0.0017404472932431379, 0.001631360584371946, -8.47576648165272e-05], [-0.00033904659383050573, -8.302149092731347e-05, 3.408272637507276e-05, -0.0005563936718678761, 0.0006659645348084564, -0.00039784438703322644, -8.47576648165272e-05, 0.0016898117330813494]], [[1.2118549642245908, -0.0627762122599794, 0.04655852863042141, 0.025487411390804324, -0.025946452933685638, -0.10524070311217863, 0.07231178216397803, -0.014664083197194519], [-0.0627762122599794, 0.004405080274242565, -0.002382681758506082, -0.0015816615040687954, 0.001831990792266282, 0.005046630260995218, -0.0036746556391999796, 0.0007116807261700197], [0.04655852863042141, -0.002382681758506082, 0.006473680343831351, -0.0018009850503195204, -0.00042499446018484394, -0.0024878137474634134, 0.0021819576449576806, -8.928708126318208e-05], [0.025487411390804324, -0.0015816615040687954, -0.0018009850503195204, 0.003354628017502885, -0.001762794778264348, -0.0036113423280540956, 0.001923547806741198, -0.00038480351958853026], [-0.025946452933685638, 0.001831990792266282, -0.00042499446018484394, -0.001762794778264348, 0.002339536433241256, 0.0022342583682791084, -0.00183047442691338, -0.0002073069748770856], [-0.10524070311217863, 0.005046630260995218, -0.0024878137474634134, -0.0036113423280540956, 0.0022342583682791084, 0.011162071339650838, -0.005911710255645887, 0.0012331267272745262], [0.07231178216397803, -0.0036746556391999796, 0.0021819576449576806, 0.001923547806741198, -0.00183047442691338, -0.005911710255645887, 0.004888573160848119, -0.0009276674451514269], [-0.014664083197194519, 0.0007116807261700197, -8.928708126318208e-05, -0.00038480351958853026, -0.0002073069748770856, 0.0012331267272745262, -0.0009276674451514269, 0.0009007323603414087]], [[41.020325216659664, 2.8879336634255144, -7.748521243482886, 2.035362801025667, 5.424349649595479, -1.0990329272033401, 0.035380308803712464, -3.3402673925618247], [2.8879336634255144, 0.20369688101137962, -0.5450711337642056, 0.1433921258053858, 0.3819561518501748, -0.07698537295350887, 0.0026567213975857615, -0.23584590136719644], [-7.748521243482886, -0.5450711337642056, 1.4643455842623367, -0.3843197846295605, -1.0246203111353016, 0.20793403963404486, -0.006633104423292886, 0.6300709418373531], [2.035362801025667, 0.1433921258053858, -0.3843197846295605, 0.10155413798165867, 0.26851747517861174, -0.054224826224033525, 0.0019315338248273141, -0.16624264742137687], [5.424349649595479, 0.3819561518501748, -1.0246203111353016, 0.26851747517861174, 0.7191111565658282, -0.14587295885707305, 0.0038272831685630857, -0.4427148838195578], [-1.0990329272033401, -0.07698537295350887, 0.20793403963404486, -0.054224826224033525, -0.14587295885707305, 0.03127493056487876, 0.00045966895460469335, 0.08837927528749423], [0.035380308803712464, 0.0026567213975857615, -0.006633104423292886, 0.0019315338248273141, 0.0038272831685630857, 0.00045966895460469335, 0.0013946373258471368, -0.0027622122459456276], [-3.3402673925618247, -0.23584590136719644, 0.6300709418373531, -0.16624264742137687, -0.4427148838195578, 0.08837927528749423, -0.0027622122459456276, 0.2767704511283951]]]}