{"weights": [0.17222105010147526, 0.16665276235189827, 0.30000719629219946, 0.12778684139154903, 0.1555508334491715, 0.07778131641370645], "means": [[-6.858671207561779, -0.6339807975387098, -0.3077969324161383, 0.045080439875946586, -0.00532441384496734, -0.0002179755599541492, -0.0006329211788584598, -0.00224381750705604, 0.004274925990191211, -0.007821374081087991], [4.117566158918357, -0.5152371692616701, -0.17583311026928988, -0.22742639240404836, 0.060675859304102464, 0.002712496255484455, -0.005360087865914047, -0.00832043602995622, 0.00012580328482188793, 0.0008557993421859625], [3.321392095167185, -0.23165571584828432, 0.06690794467817561, 0.1425695518930636, -0.04371359184649813, 0.003302899414146112, -0.0037358649124500276, 0.009123976556903515, -0.005859358543453502, 0.007409135077964984], [-0.7115382269501086, 0.5561799472032305, 0.5664716629420773, 0.03487255895230546, 0.06868029302192258, 0.003425832810982574, 0.01513246112126916, -0.019257989991999735, 0.0069640361226483, 0.014015876812333414], [-2.947752393855955, 0.49478717732363836, 0.4128854143838009, -0.11812776504566506, -0.022493780446185704, 0.0039010795275198737, -0.022558363859840485, 0.00712850999523768, -0.011407574046354575, -0.01478753201608587], [-6.308417479242791, 1.962577652225567, 0.15482194408317831, -0.2648194558462549, 0.7855924895721632, 0.48429302153026493, 0.13648085139789737, 0.026129713447952115, -0.26004714899402165, -0.23706973705794598]], "cov": [[[0.00556263109125878, -0.0004321110691773974, 0.001074745310491629, -0.0004885434701706019, 0.0001173153337712, -0.00012336403705829455, 0.00010567590088069118, -0.00010284549217573204, 3.6036544035405794e-05, 0.0004672422513878462], [-0.0004321110691773974, 0.008645014123537702, -0.006515960899036381, 0.00398221885222439, 0.00023649095331212253, 0.002116246137145063, -0.003908917349400318, 0.000211461915505302, 3.630643714050891e-05, -0.0037328436824198776], [0.001074745310491629, -0.006515960899036381, 0.0059323302123899906, -0.003326154182565691, -0.0001443295205730991, -0.0013917477353751345, 0.0028120685355706387, -0.0003023921057150587, 1.0507597667347885e-06, 0.0032536881235154316], [-0.0004885434701706019, 0.00398221885222439, -0.003326154182565691, 0.0020158064152666338, 0.00019801416479066293, 0.0009355979004803864, -0.001711350677722086, 0.00011677614646770588, 5.0993932757385644e-05, -0.0018848833608312778], [0.0001173153337712, 0.00023649095331212253, -0.0001443295205730991, 0.00019801416479066293, 0.0001838434937108061, 0.00010710053532573773, -1.4149182072101764e-05, 1.4721158366714154e-06, 6.802822773618824e-05, -0.00012947572168115276], [-0.00012336403705829455, 0.002116246137145063, -0.0013917477353751345, 0.0009355979004803864, 0.00010710053532573773, 0.000874298379815852, -0.0008232442690914796, -5.8336987880965255e-05, 7.665066459840727e-05, -0.0008674642442384441], [0.00010567590088069118, -0.003908917349400318, 0.0028120685355706387, -0.001711350677722086, -1.4149182072101764e-05, -0.0008232442690914796, 0.0019113945658585194, -9.33201834433246e-05, 3.532922880471365e-05, 0.0015932583635023146], [-0.00010284549217573204, 0.000211461915505302, -0.0003023921057150587, 0.00011677614646770588, 1.4721158366714154e-06, -5.8336987880965255e-05, -9.33201834433246e-05, 0.00017718012978337077, -1.2624468567589136e-05, -0.00012541134633467683], [3.6036544035405794e-05, 3.630643714050891e-05, 1.0507597667347885e-06, 5.0993932757385644e-05, 6.802822773618824e-05, 7.665066459840727e-05, 3.532922880471365e-05, -1.2624468567589136e-05, 0.00023190469941493738, 3.5670243031633334e-05], [0.0004672422513878462, -0.0037328436824198776, 0.0032536881235154316, -0.0018848833608312778, -0.00012947572168115276, -0.0008674642442384441, 0.0015932583635023146, -0.00012541134633467683, 3.5670243031633334e-05, 0.001895386218637463]], [[0.007628337904632963, -0.0008718024205216819, 0.00043555901574959886, 0.0005956489124952403, 0.0018461129314278142, -4.945395198709818e-05, -0.0005480552367578514, 0.0002729419924181123, 0.0002729732107195111, -2.0805732547110606e-05], [-0.0008718024205216819, 0.0026190065557249683, -0.001165612423073558, 0.0023684448294330395, 0.003087997230746681, 0.00033202932804698396, -0.001290675719370894, 0.0001775611672417495, -0.000348671474269196, 0.00010954206471102452], [0.00043555901574959886, -0.001165612423073558, 0.0006846140182661173, -0.000468742600569805, -0.001216812738694475, -0.00011439485656492251, 0.00044270338747983253, -0.00038712125175635137, 5.605404903681084e-05, 9.205783813514706e-05], [0.0005956489124952403, 0.0023684448294330395, -0.000468742600569805, 0.016332639256476513, 0.005858029969305461, 0.001085107484604676, -0.002289218288692424, -0.0009540303491752923, -0.0012988907588523911, -0.001025272026049921], [0.0018461129314278142, 0.003087997230746681, -0.001216812738694475, 0.005858029969305461, 0.014720947801954735, 0.0012943326446686841, -0.0035692666289074563, 0.00028320782810978794, -0.00017134653076993948, 0.0017499449432694185], [-4.945395198709818e-05, 0.00033202932804698396, -0.00011439485656492251, 0.001085107484604676, 0.0012943326446686841, 0.0011674650419990027, 0.0005717248664552679, -0.0006686686689406447, 0.0003553725878305248, 9.973538178906779e-05], [-0.0005480552367578514, -0.001290675719370894, 0.00044270338747983253, -0.002289218288692424, -0.0035692666289074563, 0.0005717248664552679, 0.0023713944453325336, -0.00019088654465824676, 0.00018324393373336207, -0.0001795444421548882], [0.0002729419924181123, 0.0001775611672417495, -0.00038712125175635137, -0.0009540303491752923, 0.00028320782810978794, -0.0006686686689406447, -0.00019088654465824676, 0.003060799841929095, -0.00013901865025908063, -2.2828537384216267e-05], [0.0002729732107195111, -0.000348671474269196, 5.605404903681084e-05, -0.0012988907588523911, -0.00017134653076993948, 0.0003553725878305248, 0.00018324393373336207, -0.00013901865025908063, 0.0015316057068798104, -0.00013008702749612547], [-2.0805732547110606e-05, 0.00010954206471102452, 9.205783813514706e-05, -0.001025272026049921, 0.0017499449432694185, 9.973538178906779e-05, -0.0001795444421548882, -2.2828537384216267e-05, -0.00013008702749612547, 0.0010776131058258943]], [[0.2895461444410718, -0.0958772587912669, -0.060764787720258895, 0.030118126688165485, 0.03461463259754299, -0.0004920392402549204, -0.00842554016131216, -0.0019186521191996585, -0.006094162389966192, -0.0013203302412630128], [-0.0958772587912669, 0.03272510928247016, 0.01943929156303844, -0.010162586716062018, -0.01348837804903167, 0.00011890305528453816, 0.0021154227119933367, 5.034451507414397e-07, 0.0019415555327911883, 0.00010233891701083608], [-0.060764787720258895, 0.01943929156303844, 0.013655620981467132, -0.00625219433091668, -0.005916861252378953, 0.00035116010140018793, 0.0020330989757843167, 0.0009463638527641968, 0.001173314975722886, 0.00044913475457334815], [0.030118126688165485, -0.010162586716062018, -0.00625219433091668, 0.005061461208745985, 0.0053319601094869605, -0.0003087412296576978, -0.0009968033347445525, -0.0005914958968045879, -0.00042253303305497933, -0.00017441977328639], [0.03461463259754299, -0.01348837804903167, -0.005916861252378953, 0.0053319601094869605, 0.01051673786071091, 0.000565478325557846, 0.000863550807699209, 0.0008328983729915428, -0.00022322680935532943, 0.0003124105549912367], [-0.0004920392402549204, 0.00011890305528453816, 0.00035116010140018793, -0.0003087412296576978, 0.000565478325557846, 0.0021520300217912854, 0.0017240294696610815, 0.00010533655501839555, -0.00010961809423885052, -0.000516327430800792], [-0.00842554016131216, 0.0021154227119933367, 0.0020330989757843167, -0.0009968033347445525, 0.000863550807699209, 0.0017240294696610815, 0.0026118111824360232, 0.0006287423975240841, -8.531475113497798e-05, -4.218839854161913e-05], [-0.0019186521191996585, 5.034451507414397e-07, 0.0009463638527641968, -0.0005914958968045879, 0.0008328983729915428, 0.00010533655501839555, 0.0006287423975240841, 0.0033200405059746517, 0.0001821653133821754, 0.00015402650580975249], [-0.006094162389966192, 0.0019415555327911883, 0.001173314975722886, -0.00042253303305497933, -0.00022322680935532943, -0.00010961809423885052, -8.531475113497798e-05, 0.0001821653133821754, 0.0026911549032236502, -0.00012191895775668274], [-0.0013203302412630128, 0.00010233891701083608, 0.00044913475457334815, -0.00017441977328639, 0.0003124105549912367, -0.000516327430800792, -4.218839854161913e-05, 0.00015402650580975249, -0.00012191895775668274, 0.0011419482691873955]], [[0.048516371323662544, -0.005151298283425994, -0.00047102100241746284, 0.0005733834712026857, 0.00029183734774679336, -0.006945308715635884, -0.0031548769311605237, -0.00018847057231303823, -0.0003104328403105546, -0.0012676845742040567], [-0.005151298283425994, 0.0015074617587107755, -0.0006825469678418668, -0.00014410983159042192, -0.0017539766008337488, 0.0011694100261805996, 0.00011210195013418108, 7.046221453346581e-05, 0.0003796879781550829, 0.0005203125804540588], [-0.00047102100241746284, -0.0006825469678418668, 0.0008078688744191304, 0.00030570333402198856, 0.0015529223651256096, -0.00024532484594784134, 4.4257300931434773e-05, 4.0218265991680694e-05, -8.389186537626189e-05, -0.00028497366422053057], [0.0005733834712026857, -0.00014410983159042192, 0.00030570333402198856, 0.0011132466709217353, 0.000736353972562698, 0.00023707779902853033, -0.0002645089634270177, -0.0005412223507188452, 0.0008025196097319668, 0.00029517317789746697], [0.00029183734774679336, -0.0017539766008337488, 0.0015529223651256096, 0.000736353972562698, 0.004023788822504515, -0.0005714950747258338, 0.0003457028196186169, -0.0006758138205192518, -0.0003714275070842658, -0.0006496766819884004], [-0.006945308715635884, 0.0011694100261805996, -0.00024532484594784134, 0.00023707779902853033, -0.0005714950747258338, 0.0031733518292286853, 0.001797472048903134, -0.0004438729252243564, 0.00040113300108731256, -4.4576142007741864e-05], [-0.0031548769311605237, 0.00011210195013418108, 4.4257300931434773e-05, -0.0002645089634270177, 0.0003457028196186169, 0.001797472048903134, 0.0017317565073596442, -0.00013041396687734846, -0.00045679838661104457, -0.00041171971373078157], [-0.00018847057231303823, 7.046221453346581e-05, 4.0218265991680694e-05, -0.0005412223507188452, -0.0006758138205192518, -0.0004438729252243564, -0.00013041396687734846, 0.0017059100300191403, -0.0004540868814248056, -0.0003071903710664267], [-0.0003104328403105546, 0.0003796879781550829, -8.389186537626189e-05, 0.0008025196097319668, -0.0003714275070842658, 0.00040113300108731256, -0.00045679838661104457, -0.0004540868814248056, 0.0014540540501332049, 0.000465246519574463], [-0.0012676845742040567, 0.0005203125804540588, -0.00028497366422053057, 0.00029517317789746697, -0.0006496766819884004, -4.4576142007741864e-05, -0.00041171971373078157, -0.0003071903710664267, 0.000465246519574463, 0.0012310665275094826]], [[1.0877051799733597, 0.057787327374588034, 0.045456073321514384, 0.02090588283878245, 0.025525547888639363, -0.09069964712740139, 0.06550711458669825, -0.012663118172435577, 0.002442037471481209, -0.019627089596394153], [0.057787327374588034, 0.004229714876253992, 0.002319183767620602, 0.0014197554021066463, 0.0018640545419202799, -0.004433646674026018, 0.0034232759865565655, -0.0006276418631794057, -3.434782753372192e-05, -0.0009055753832222728], [0.045456073321514384, 0.002319183767620602, 0.00647857029102848, -0.0018586349148172734, 0.00038382164337208375, -0.002380585844048898, 0.0021046624393748254, -7.429374835486606e-05, 0.00021888962261910758, -0.00042867923001352825], [0.02090588283878245, 0.0014197554021066463, -0.0018586349148172734, 0.003205181865041987, 0.0017905662314549398, -0.0030493839074086414, 0.0016919353970874114, -0.0003077505599181891, 0.0004825325438146706, -0.0011496029707508096], [0.025525547888639363, 0.0018640545419202799, 0.00038382164337208375, 0.0017905662314549398, 0.002433648842526284, -0.0021290453503892874, 0.0018504310753496807, 0.00022117454876012304, 0.0009047226369339624, -0.0006958697069548148], [-0.09069964712740139, -0.004433646674026018, -0.002380585844048898, -0.0030493839074086414, -0.0021290453503892874, 0.009491685570640883, -0.005089539618064052, 0.0010029099926501582, -3.0750793103886095e-05, 0.0019542170836757272], [0.06550711458669825, 0.0034232759865565655, 0.0021046624393748254, 0.0016919353970874114, 0.0018504310753496807, -0.005089539618064052, 0.004534992333537647, -0.0008148042066713899, 0.00042713559210758755, -0.0014145177212458598], [-0.012663118172435577, -0.0006276418631794057, -7.429374835486606e-05, -0.0003077505599181891, 0.00022117454876012304, 0.0010029099926501582, -0.0008148042066713899, 0.0008690076617515853, 0.00023661273833836837, 0.0003304391839107366], [0.002442037471481209, -3.434782753372192e-05, 0.00021888962261910758, 0.0004825325438146706, 0.0009047226369339624, -3.0750793103886095e-05, 0.00042713559210758755, 0.00023661273833836837, 0.0011016829714093292, -0.0003949249847802278], [-0.019627089596394153, -0.0009055753832222728, -0.00042867923001352825, -0.0011496029707508096, -0.0006958697069548148, 0.0019542170836757272, -0.0014145177212458598, 0.0003304391839107366, -0.0003949249847802278, 0.0011193450195647998]], [[49.80966086865456, -3.6838659797862805, -8.660333763179652, 1.9661474256702771, -5.5328405195491355, -3.4272160503634663, -0.8984155677040722, -0.1833067194864099, 1.8403758686163445, 1.7269059706690666], [-3.6838659797862805, 0.27284877659600615, 0.6400214181047118, -0.1454834933800288, 0.40924781163176166, 0.25317600487967756, 0.06633104072748308, 0.014101568848531216, -0.13605104114705013, -0.12777589721196034], [-8.660333763179652, 0.6400214181047118, 1.5065460462010323, -0.3417624110078538, 0.9619536888677845, 0.5960675963472287, 0.15614822419329807, 0.031123914264588232, -0.31994623751963297, -0.30033271216719826], [1.9661474256702771, -0.1454834933800288, -0.3417624110078538, 0.07821133932597371, -0.21774843496419735, -0.1348846573827763, -0.03521896186011701, -0.007815643558266305, 0.07254196410423255, 0.0677511252665239], [-5.5328405195491355, 0.40924781163176166, 0.9619536888677845, -0.21774843496419735, 0.6161515247321754, 0.38146310671490796, 0.10069210313401232, 0.020759495006211756, -0.20474842097425794, -0.19254588263407602], [-3.4272160503634663, 0.25317600487967756, 0.5960675963472287, -0.1348846573827763, 0.38146310671490796, 0.23773793429329068, 0.06338027669213961, 0.011706722146966676, -0.12716973830402045, -0.11855236737622149], [-0.8984155677040722, 0.06633104072748308, 0.15614822419329807, -0.03521896186011701, 0.10069210313401232, 0.06338027669213961, 0.01769001610786826, 0.003308934681845029, -0.03365903267035952, -0.030988560554178472], [-0.1833067194864099, 0.014101568848531216, 0.031123914264588232, -0.007815643558266305, 0.020759495006211756, 0.011706722146966676, 0.003308934681845029, 0.004351409709113392, -0.006416834699376127, -0.006494270592844192], [1.8403758686163445, -0.13605104114705013, -0.31994623751963297, 0.07254196410423255, -0.20474842097425794, -0.12716973830402045, -0.03365903267035952, -0.006416834699376127, 0.06841573216127184, 0.06377714669569479], [1.7269059706690666, -0.12777589721196034, -0.30033271216719826, 0.0677511252665239, -0.19254588263407602, -0.11855236737622149, -0.030988560554178472, -0.006494270592844192, 0.06377714669569479, 0.0605594086067704]]]}