{"weights": [0.17222179269210025, 0.16667314834766425, 0.29998608347539374, 0.12778685218059982, 0.1555508148947949, 0.07778130840944697], "means": [[-3.4674190140570267, 0.3748604556205448, 0.45431122815480823, 0.22047466409117752, 0.38238111807135267, -0.012649595343869757, -1.0386472299060932, 0.11329829870343752, 0.32423123786600866, 0.4380702953272336], [-0.9676876857685792, 0.15511135132646503, -0.7157685578793842, 0.5917155084282113, 0.694453548805969, 0.2265091167254778, -0.5454259619004453, -0.5003941949955703, -0.15858528335064442, 0.6423320973829693], [3.2837859505896088, -0.23079101108308564, 0.08382307061350108, 0.1218900360253954, -0.027664856809692502, 0.026889356168106667, 0.025844328419355894, 0.029662627617349082, 4.756542980190138e-05, 0.006417235194038995], [2.553324597048125, 0.2583695259220714, 0.5645801817755632, -0.06273262913238441, -0.3214243831700701, -0.06786324643410616, 0.01961953613769503, 0.13997670425977957, 0.2668853127018, -0.20311822602980475], [0.36207388802312523, 0.9042779787208495, -0.3594579516059346, 0.6029020993073431, 0.40398052386499345, 0.2745445261021552, 0.6750224146478416, -0.49964060511389574, -0.1433139806476213, 0.007502617919629055], [-6.671312975242333, -1.1434669302294755, 0.1702059651045129, -0.06472576751202808, 0.06957031241594112, -0.6188309083631903, 0.28085425413122883, 0.2610109564910271, 0.026788704569895842, -0.4105789432054092]], "cov": [[[11.461601302572749, 3.480648401749889, 2.5245469967345144, 0.6200668299304524, 1.2998996423579328, -0.015515240534446665, -3.5454462057505522, 0.389335552927821, 1.0896136823098606, 1.4795615424101398], [3.480648401749889, 1.0659796907226358, 0.7606216968938567, 0.19237581837357176, 0.39526796123124014, -0.0027309355720859414, -1.0810538893631083, 0.11855635001267001, 0.33107276822547343, 0.4458962045357548], [2.5245469967345144, 0.7606216968938567, 0.5615759952403782, 0.1334973446982029, 0.2861283727668794, -0.004663999521585824, -0.7783769448916138, 0.08547922349879652, 0.24005242599006, 0.3289481783136546], [0.6200668299304524, 0.19237581837357176, 0.1334973446982029, 0.03556415463636123, 0.07063288784709358, 3.657355395057351e-05, -0.19368145068732537, 0.021215099348820605, 0.05905300126083559, 0.0783055975755907], [1.2998996423579328, 0.39526796123124014, 0.2861283727668794, 0.07063288784709358, 0.14765085420541044, -0.0016163361465878952, -0.40233186256904946, 0.044186951846323506, 0.12370079336888815, 0.167667436878], [-0.015515240534446665, -0.0027309355720859414, -0.004663999521585824, 3.657355395057351e-05, -0.0016163361465878952, 0.0008332025774352918, 0.004031451588400867, -0.0005795816215076318, -0.0014076615533974272, -0.0027917767713449455], [-3.5454462057505522, -1.0810538893631083, -0.7783769448916138, -0.19368145068732537, -0.40233186256904946, 0.004031451588400867, 1.0991283157355978, -0.12062751724560422, -0.3371597053266649, -0.45627992513619375], [0.389335552927821, 0.11855635001267001, 0.08547922349879652, 0.021215099348820605, 0.044186951846323506, -0.0005795816215076318, -0.12062751724560422, 0.01341607799211341, 0.03702829288122855, 0.0501544276891307], [1.0896136823098606, 0.33107276822547343, 0.24005242599006, 0.05905300126083559, 0.12370079336888815, -0.0014076615533974272, -0.3371597053266649, 0.03702829288122855, 0.10385724103642979, 0.14073618187353262], [1.4795615424101398, 0.4458962045357548, 0.3289481783136546, 0.0783055975755907, 0.167667436878, -0.0027917767713449455, -0.45627992513619375, 0.0501544276891307, 0.14073618187353262, 0.1928028942239586]], [[25.842143906564285, -3.4301377460042333, 2.7530659886835354, -4.139682294954306, -3.3127130753928937, -1.1540132781500692, 2.7319825109787175, 2.498883010245051, 0.8115591869790958, -3.2983147602657326], [-3.4301377460042333, 0.4577918503052326, -0.3665369006358215, 0.551962202280141, 0.442969878868853, 0.1534916855873175, -0.3640123977659132, -0.33148515700145204, -0.10803290807514354, 0.43788390405956634], [2.7530659886835354, -0.3665369006358215, 0.2939677948954681, -0.44161395519075436, -0.35433987480993057, -0.12306026141607658, 0.29159157037484307, 0.265834571183069, 0.08649490861301715, -0.3513191213867342], [-4.139682294954306, 0.551962202280141, -0.44161395519075436, 0.6798390002609442, 0.537129979435232, 0.1860335335670497, -0.44019655454605794, -0.4013814347307477, -0.13131972167383613, 0.5275935618623276], [-3.3127130753928937, 0.442969878868853, -0.35433987480993057, 0.537129979435232, 0.4396269134988663, 0.14928362655850747, -0.35418998936670437, -0.32028998946592374, -0.10423978114231862, 0.42477213745055314], [-1.1540132781500692, 0.1534916855873175, -0.12306026141607658, 0.1860335335670497, 0.14928362655850747, 0.05270035603387534, -0.12148995127235213, -0.11227515787783209, -0.035879206627596555, 0.14739915707254217], [2.7319825109787175, -0.3640123977659132, 0.29159157037484307, -0.44019655454605794, -0.35418998936670437, -0.12148995127235213, 0.2913849929717976, 0.2640856754419142, 0.08599475913311046, -0.3490560324737348], [2.498883010245051, -0.33148515700145204, 0.265834571183069, -0.4013814347307477, -0.32028998946592374, -0.11227515787783209, 0.2640856754419142, 0.24471384946558203, 0.07832487083235733, -0.319019917146958], [0.8115591869790958, -0.10803290807514354, 0.08649490861301715, -0.13131972167383613, -0.10423978114231862, -0.035879206627596555, 0.08599475913311046, 0.07832487083235733, 0.027007209647275047, -0.10369854143637666], [-3.2983147602657326, 0.43788390405956634, -0.3513191213867342, 0.5275935618623276, 0.42477213745055314, 0.14739915707254217, -0.3490560324737348, -0.319019917146958, -0.10369854143637666, 0.4221075489016607]], [[0.2849922294102072, -0.09491238169122036, -0.059314244953120085, 0.029205679001245266, 0.03524992316138566, 0.0006247304947899361, -0.006975216443499584, -0.0010824982719444016, -0.005645570147984814, -0.0014988787602199535], [-0.09491238169122036, 0.03268074432289277, 0.019018783939023034, -0.009682220692214584, -0.013868500567126624, -0.0004418653824994693, 0.0014117155162794587, -0.0004845307038415716, 0.0017973737060263608, 0.00012838497267692224], [-0.059314244953120085, 0.019018783939023034, 0.01327298293961336, -0.0061678162027794525, -0.005946198235408858, 0.00022447369799383972, 0.0018515231817024076, 0.0008973131189923271, 0.001065495099192358, 0.0005138129538455171], [0.029205679001245266, -0.009682220692214584, -0.0061678162027794525, 0.005378086300812212, 0.005016340227153994, -0.000667596964620219, -0.0014170619818157431, -0.0009783504949569654, -0.0004192614774348489, -0.00023375844083864028], [0.03524992316138566, -0.013868500567126624, -0.005946198235408858, 0.005016340227153994, 0.010804442309866736, 0.0009066803125501827, 0.0012693152146449136, 0.0011879890188698948, -0.00021008308547829877, 0.0003548670535606262], [0.0006247304947899361, -0.0004418653824994693, 0.00022447369799383972, -0.000667596964620219, 0.0009066803125501827, 0.0025350060750600413, 0.002171593892331781, 0.0005238475834872222, -0.00011998320258543568, -0.0004489125271457777], [-0.006975216443499584, 0.0014117155162794587, 0.0018515231817024076, -0.0014170619818157431, 0.0012693152146449136, 0.002171593892331781, 0.0031320997867385013, 0.0011251767051764848, -0.00010649158941174442, 4.3848203929150074e-05], [-0.0010824982719444016, -0.0004845307038415716, 0.0008973131189923271, -0.0009783504949569654, 0.0011879890188698948, 0.0005238475834872222, 0.0011251767051764848, 0.0037588384507567965, 0.00019448271070945323, 0.00020921131602196313], [-0.005645570147984814, 0.0017973737060263608, 0.001065495099192358, -0.0004192614774348489, -0.00021008308547829877, -0.00011998320258543568, -0.00010649158941174442, 0.00019448271070945323, 0.002662145431717191, -0.00010056628033620247], [-0.0014988787602199535, 0.00012838497267692224, 0.0005138129538455171, -0.00023375844083864028, 0.0003548670535606262, -0.0004489125271457777, 4.3848203929150074e-05, 0.00020921131602196313, -0.00010056628033620247, 0.0011356051886449474]], [[10.573114537458672, -0.9679593313661096, -0.012055884085817854, -0.32789099745760725, -1.2520926367724379, -0.2092129695539875, 0.04568935929817955, 0.5030262512830189, 0.8446476213729956, -0.6892742293426131], [-0.9679593313661096, 0.0895860407636054, 0.000375810550685813, 0.029900711541970545, 0.1128176520119082, 0.019680492447228016, -0.004347142459695101, -0.045967151136145, -0.07691663669197377, 0.06346348519055107], [-0.012055884085817854, 0.000375810550685813, 0.0008177658603400627, 0.0006600542613400192, 0.0029341726626464387, -8.320871438330413e-06, 8.420064243343232e-06, -0.0005189591084903762, -0.001010288861209644, 0.0004785777480678255], [-0.32789099745760725, 0.029900711541970545, 0.0006600542613400192, 0.011346202815630898, 0.0398290597466257, 0.006585866320671999, -0.0017437377058912929, -0.016259416820032492, -0.025558659688804983, 0.02178300740184809], [-1.2520926367724379, 0.1128176520119082, 0.0029341726626464387, 0.0398290597466257, 0.15304994635722222, 0.02348404606361649, -0.005483400548280729, -0.06055138581554487, -0.10092148066536989, 0.08121446465350292], [-0.2092129695539875, 0.019680492447228016, -8.320871438330413e-06, 0.006585866320671999, 0.02348404606361649, 0.006988583388833319, 0.0007687951553442179, -0.010088525634715075, -0.015856265380263364, 0.01314666260818577], [0.04568935929817955, -0.004347142459695101, 8.420064243343232e-06, -0.0017437377058912929, -0.005483400548280729, 0.0007687951553442179, 0.0018461361428342433, 0.002237955521566394, 0.0034414987399006996, -0.003643751910097599], [0.5030262512830189, -0.045967151136145, -0.0005189591084903762, -0.016259416820032492, -0.06055138581554487, -0.010088525634715075, 0.002237955521566394, 0.02575653940044395, 0.039952852783674817, -0.03319153146294643], [0.8446476213729956, -0.07691663669197377, -0.001010288861209644, -0.025558659688804983, -0.10092148066536989, -0.015856265380263364, 0.0034414987399006996, 0.039952852783674817, 0.06928600928194487, -0.05477878640417474], [-0.6892742293426131, 0.06346348519055107, 0.0004785777480678255, 0.02178300740184809, 0.08121446465350292, 0.01314666260818577, -0.003643751910097599, -0.03319153146294643, -0.05477878640417474, 0.04619338419591558]], [[11.549048131941245, 1.355725578850884, -2.4425072027380206, 2.3295284503943856, 1.3713762104226788, 0.7944579891841934, 2.293940682020136, -1.6506666627811346, -0.43485551702538416, 0.04345340344076385], [1.355725578850884, 0.16526355712683297, -0.3063458756330475, 0.28784003665248137, 0.16884440775747028, 0.10537739640827112, 0.2798966371703631, -0.20384194818084458, -0.05428269233459173, 0.006923399845827223], [-2.4425072027380206, -0.3063458756330475, 0.5979674915415201, -0.5507727501339157, -0.3197017979486133, -0.2127596204099017, -0.5277657233724249, 0.3893207007016134, 0.10412771538521672, -0.015463759281345775], [2.3295284503943856, 0.28784003665248137, -0.5507727501339157, 0.5125908204958861, 0.2988005781444346, 0.19220399981352893, 0.49339858336568565, -0.3616816238792249, -0.09596304623414174, 0.012791988298489945], [1.3713762104226788, 0.16884440775747028, -0.3197017979486133, 0.2988005781444346, 0.17557676995765936, 0.11175236931814016, 0.2885429131353173, -0.21051509622199902, -0.05535765881015307, 0.007417947022984659], [0.7944579891841934, 0.10537739640827112, -0.2127596204099017, 0.19220399981352893, 0.11175236931814016, 0.08430232496517549, 0.18339613542396224, -0.13748915507238443, -0.036973537910568566, 0.007312554021773706], [2.293940682020136, 0.2798966371703631, -0.5277657233724249, 0.49339858336568565, 0.2885429131353173, 0.18339613542396224, 0.4791737933829167, -0.34965399041033074, -0.09267827252459683, 0.012039264571960005], [-1.6506666627811346, -0.20384194818084458, 0.3893207007016134, -0.3616816238792249, -0.21051509622199902, -0.13748915507238443, -0.34965399041033074, 0.25721664940681466, 0.06863661026545567, -0.0095720554706949], [-0.43485551702538416, -0.05428269233459173, 0.10412771538521672, -0.09596304623414174, -0.05535765881015307, -0.036973537910568566, -0.09267827252459683, 0.06863661026545567, 0.019341570961805245, -0.003046133248953345], [0.04345340344076385, 0.006923399845827223, -0.015463759281345775, 0.012791988298489945, 0.007417947022984659, 0.007312554021773706, 0.012039264571960005, -0.0095720554706949, -0.003046133248953345, 0.001494517374320807]], [[55.049645309408795, 19.115337036854935, -9.218010874846467, 0.585879951526625, -0.5173393680689333, 4.561051848657953, -2.0133082276145813, -1.9309070608372985, -0.18808895682055454, 3.0995722059637085], [19.115337036854935, 6.684451045129639, -3.198405686512812, 0.19872970664461614, -0.16940513785899394, 1.5977007612233605, -0.7037472412962112, -0.6719613906576285, -0.0692075314579972, 1.0782640882277728], [-9.218010874846467, -3.198405686512812, 1.544411835147546, -0.0982387533287001, 0.08728546476993043, -0.7625458169665322, 0.3369019063448072, 0.32238503455727596, 0.031259695702984445, -0.5189536252244944], [0.585879951526625, 0.19872970664461614, -0.0982387533287001, 0.007254054118253752, -0.0059050615740332945, 0.04744155880901201, -0.020808171377223076, -0.0208829848941165, -0.0016946927046612424, 0.03235866800208584], [-0.5173393680689333, -0.16940513785899394, 0.08728546476993043, -0.0059050615740332945, 0.008638025353972718, -0.039031336934029284, 0.01876739963440228, 0.018132888622497765, 0.0005911549223065938, -0.02941342394398791], [4.561051848657953, 1.5977007612233605, -0.7625458169665322, 0.04744155880901201, -0.039031336934029284, 0.3840413969967586, -0.1667683408406928, -0.16142880998269782, -0.017308370080381504, 0.25768181561465386], [-2.0133082276145813, -0.7037472412962112, 0.3369019063448072, -0.020808171377223076, 0.01876739963440228, -0.1667683408406928, 0.07542627522938622, 0.07089546152939577, 0.006827406090602569, -0.11341701506123027], [-1.9309070608372985, -0.6719613906576285, 0.32238503455727596, -0.0208829848941165, 0.018132888622497765, -0.16142880998269782, 0.07089546152939577, 0.07144784380484993, 0.007109970214222305, -0.10893597490074243], [-0.18808895682055454, -0.0692075314579972, 0.031259695702984445, -0.0016946927046612424, 0.0005911549223065938, -0.017308370080381504, 0.006827406090602569, 0.007109970214222305, 0.0013913692646760065, -0.010788230184868455], [3.0995722059637085, 1.0782640882277728, -0.5189536252244944, 0.03235866800208584, -0.02941342394398791, 0.25768181561465386, -0.11341701506123027, -0.10893597490074243, -0.010788230184868455, 0.175294848107226]]]}