{"weights": [0.13414314952869483, 0.12704937769682742, 0.3797470699987807, 0.1241610628008843, 0.10635160755652835, 0.12854773241828427], "means": [[3.807443640039228, 0.43113125345479364, -0.4037042084508171, 0.1498275352300643, -0.036736139103276076, 0.01667903440194614, 0.1046212470763909, 0.004118982685782101], [-0.6681762603088313, 1.4818902785040189, 1.0121978413315154, -0.007608786955861941, 0.004654393086391456, 0.0034970978619961114, -0.005142027399782494, -0.0019398245313724375], [-3.8937614658349395, -0.4361956933539801, 0.09901877118367151, 0.022910580531597436, 0.02321956732173146, -0.0025889606570202945, 0.009455881819791685, 0.0037574448694020763], [1.1002126836499635, 0.538378601715979, -0.5456254759635086, 0.0033359251346425953, 0.04849785510452372, -0.011934536085291568, -0.04352922925087778, 0.005163306767343043], [-2.663961257691055, -0.022345796500789807, -0.2099890130580108, -0.09849582378857413, -0.10115768636180926, 0.01195869614043932, -0.009331872868731963, -0.017732523559317006], [6.870305575209105, -0.6474562319453674, 0.3075066937014623, -0.042896935960743336, -0.0018157545386922854, -0.000945619482130969, -0.012128558111985368, -0.0008518609859303966]], "cov": [[[0.18505472443767257, -0.024759911294480783, 0.029547925049260366, -0.00490502743815092, -0.007450764559690939, -0.0005320710622423646, 0.006505746258883741, 0.0039283707321770165], [-0.024759911294480786, 0.004445434246747987, -0.0021782109372094826, -0.0008031179131216333, 0.0012994509139894034, -0.00015484003527453194, -0.0011435127622178517, -0.0004967879749039619], [0.029547925049260366, -0.0021782109372094826, 0.008445141212480262, -0.0038917805572618947, -0.0006695315190845076, -0.00026961976552103363, -0.00010697446941505598, 0.0010269755906341198], [-0.004905027438150921, -0.0008031179131216333, -0.0038917805572618947, 0.003502109319229206, -0.0011158887779972228, 0.00020004621282496954, 0.000926421606332977, -0.00020671866941879825], [-0.007450764559690939, 0.0012994509139894032, -0.0006695315190845076, -0.0011158887779972226, 0.0024342931951271897, 0.00033891024980273383, -0.00047305290948364335, -0.0005504206152917815], [-0.0005320710622423648, -0.00015484003527453197, -0.0002696197655210336, 0.0002000462128249695, 0.00033891024980273394, 0.001807054611623939, -0.00012093382955230623, 3.2868823640297e-05], [0.00650574625888374, -0.0011435127622178515, -0.00010697446941505612, 0.0009264216063329769, -0.00047305290948364325, -0.00012093382955230626, 0.0008932092687182223, -0.000119380110531295], [0.0039283707321770165, -0.0004967879749039619, 0.0010269755906341196, -0.00020671866941879817, -0.0005504206152917815, 3.286882364029697e-05, -0.00011938011053129497, 0.0009112635788862223]], [[0.3012452862840955, 0.020648185220616476, -0.0610278796796452, 0.008690773471672254, 0.044782479356067634, 0.004551200056874352, 0.013738581841965414, -0.01288723166667304], [0.020648185220616476, 0.0022408955762160546, -0.003431660081433895, 0.0003744481866826086, 0.003360532135740784, 0.00020687955655206088, 0.0011737737666624587, -0.0012277249294170092], [-0.0610278796796452, -0.003431660081433895, 0.01335187586213272, -0.0017808556010814579, -0.009064095431510604, -0.0006652013602020296, -0.0027164921079761845, 0.002410264350987721], [0.008690773471672254, 0.00037444818668260865, -0.0017808556010814576, 0.0010530694303390019, 0.0003325297900826747, 6.549300373276531e-05, 0.0002872190237659754, -0.00032143577993198663], [0.04478247935606764, 0.0033605321357407835, -0.009064095431510606, 0.0003325297900826747, 0.009074412074891687, 0.001567828641813123, 0.002105519773288593, -0.0034529302003678064], [0.004551200056874352, 0.00020687955655206085, -0.0006652013602020296, 6.549300373276535e-05, 0.001567828641813123, 0.004722908368116362, -0.0005765694884994686, 0.0003165595241442178], [0.013738581841965414, 0.0011737737666624587, -0.0027164921079761845, 0.0002872190237659754, 0.002105519773288593, -0.0005765694884994687, 0.0008772490921261022, -0.0009377458294887724], [-0.012887231666673042, -0.0012277249294170094, 0.0024102643509877207, -0.00032143577993198663, -0.003452930200367806, 0.0003165595241442178, -0.0009377458294887724, 0.0037124623953372227]], [[0.04946388124684182, 0.02116369590935857, -0.017730061069179077, -0.044414648734586316, -0.010189719019680403, 0.001749272568888087, 0.0011494074397801807, -0.00030122594747653686], [0.02116369590935857, 0.011424441753284977, -0.006131732567939318, -0.020755974472096133, -0.0030442677086623816, 0.0005046422941197712, 0.0017369506542754937, 0.00045109405294737373], [-0.017730061069179077, -0.006131732567939318, 0.008077398474566178, 0.01844927965910654, 0.002440056562688737, -0.000442585390593226, -0.00016789104364390794, 0.0004115068890763972], [-0.044414648734586316, -0.020755974472096136, 0.01844927965910654, 0.06518750289147249, -0.0024186481400676474, 5.49621758459648e-05, -0.0039734478648561465, 0.00036453811210703446], [-0.010189719019680403, -0.0030442677086623816, 0.002440056562688737, -0.0024186481400676483, 0.016754651483744696, -0.00046649926709905955, 0.0020862531239609025, -0.0008720454494085424], [0.001749272568888087, 0.0005046422941197711, -0.00044258539059322633, 5.496217584596464e-05, -0.00046649926709905966, 0.004995230733897944, -0.0007041200548984344, -0.00010566413543411256], [0.0011494074397801807, 0.0017369506542754937, -0.00016789104364390797, -0.0039734478648561465, 0.0020862531239609025, -0.0007041200548984344, 0.0011913285760284753, -8.175253815578408e-05], [-0.00030122594747653686, 0.0004510940529473737, 0.000411506889076397, 0.00036453811210703456, -0.0008720454494085421, -0.00010566413543411254, -8.175253815578407e-05, 0.0038159006035592496]], [[0.45009042054364296, 0.00024223334277690916, 0.03339315769232958, 0.037621097814020454, -0.005651989829182632, -0.005351704158589138, -0.022611951391236486, -0.01194256003498286], [0.00024223334277690916, 0.0013768188580277519, 0.00043470747246808787, 0.00026340808790523634, -0.0015747098417687947, 0.0002685526423310698, 0.0007294938773917126, 0.00015400804107073226], [0.03339315769232958, 0.00043470747246808787, 0.004663073011011119, 0.0028947482415879943, -0.0014910557169243784, -0.0011290248823089418, -0.0028685211133238175, -0.000669160841128478], [0.037621097814020454, 0.00026340808790523623, 0.0028947482415879943, 0.005888912848762947, -0.0021012546963346712, -0.0012610015537294543, -0.001760935138242645, -0.0018053143484452689], [-0.005651989829182632, -0.0015747098417687945, -0.0014910557169243784, -0.0021012546963346712, 0.0037529543516524144, 0.0006296765896871578, -0.0002962455530920521, 0.00016763056244443295], [-0.005351704158589138, 0.0002685526423310699, -0.0011290248823089418, -0.0012610015537294543, 0.0006296765896871577, 0.003383195925000277, 0.0007125173450729319, 0.0001972272193930007], [-0.022611951391236482, 0.0007294938773917126, -0.002868521113323817, -0.001760935138242645, -0.00029624555309205213, 0.0007125173450729317, 0.0028410859865631343, 0.0004001449162469004], [-0.01194256003498286, 0.00015400804107073223, -0.0006691608411284779, -0.0018053143484452689, 0.00016763056244443282, 0.00019722721939300066, 0.0004001449162469004, 0.0021643721129066006]], [[0.0329370657634937, 0.009957874968907739, -0.006645663377281182, 0.003548733525236428, -0.001757864761659691, 0.0031435933602016633, -0.00021034955714295222, -0.00021208211743051393], [0.009957874968907739, 0.00352641590123506, -0.0015518308334551093, 0.0007226062943243977, -0.0009399078698352184, 0.0006100809135113679, 0.00015607470278011464, -0.00020194797687945272], [-0.006645663377281183, -0.0015518308334551095, 0.0023834315233595598, -0.001112836192148943, 0.00014678658193567338, -0.000608765827178107, -0.00033977596827748765, -9.701757676146816e-05], [0.0035487335252364282, 0.0007226062943243981, -0.001112836192148943, 0.0019199988596864742, -0.0010536189842675968, 0.00045782051414039416, 5.655856891236901e-05, -0.0005623402453443606], [-0.0017578647616596913, -0.0009399078698352185, 0.00014678658193567333, -0.0010536189842675968, 0.002216498632783868, 0.0008647925993848287, -0.00047161662905107583, 0.00035663052689937665], [0.0031435933602016633, 0.0006100809135113679, -0.000608765827178107, 0.00045782051414039416, 0.0008647925993848287, 0.0034077355872151847, -0.0008549969820354777, -1.6567199658306224e-05], [-0.00021034955714295222, 0.00015607470278011467, -0.00033977596827748765, 5.6558568912368945e-05, -0.00047161662905107583, -0.0008549969820354777, 0.0007715548277473338, -0.0004421926659901427], [-0.00021208211743051396, -0.00020194797687945272, -9.701757676146821e-05, -0.0005623402453443606, 0.0003566305268993766, -1.6567199658306228e-05, -0.00044219266599014253, 0.002649304637527261]], [[0.0005592265750437408, 0.0004685361408986017, 0.0009424276890044804, -0.0002965689081275157, -0.00011821599089849873, -9.058582616834427e-05, 0.00017955011345330881, -0.00019972900564481236], [0.00046853614089860157, 0.008617507149181086, 0.006182422956857677, -0.003947536113902207, 0.00028672130664009936, -0.0003907654607889837, 0.0038104182247138347, 0.00091014869003588], [0.0009424276890044804, 0.006182422956857679, 0.005488803388274442, -0.003109884507864986, 0.000175616755493429, -0.0005252778222424794, 0.0024799649738388952, 0.0003885741986393808], [-0.00029656890812751566, -0.003947536113902207, -0.003109884507864986, 0.0020379615638312187, -0.0003285611159023309, 5.9536080625214025e-05, -0.001593058008760288, -0.0005069313236055415], [-0.00011821599089849876, 0.0002867213066400993, 0.000175616755493429, -0.00032856111590233086, 0.0003342601705363096, 0.0002841233221986029, 9.953258395534344e-07, 0.00023414461536963642], [-9.058582616834425e-05, -0.0003907654607889837, -0.0005252778222424794, 5.953608062521399e-05, 0.000284123322198603, 0.0006988303951747755, -0.00016503252409089217, 0.00025398904859538844], [0.00017955011345330884, 0.0038104182247138347, 0.0024799649738388952, -0.0015930580087602877, 9.953258395534255e-07, -0.00016503252409089217, 0.0018478393761874091, 0.00034275141846263095], [-0.00019972900564481236, 0.00091014869003588, 0.0003885741986393808, -0.0005069313236055415, 0.00023414461536963647, 0.00025398904859538844, 0.00034275141846263095, 0.000510503157213231]]]}