{"weights": [0.16873964233161232, 0.0036075804586514844, 0.3265927912478415, 0.26772034919525917, 0.15555821227821667, 0.07778142448841883], "means": [[3.617083016701701, 0.47368530616889615, -0.39498663855449045, 0.14008985565031137, -0.05759447757522502, -0.07352268774943888, 0.059563458234823966, -0.0018883877584249635], [1.0832473484755396, 0.5577171744119219, -0.5398910968370423, -0.0020037411001096795, 0.05390007626192534, 0.029081086540377374, -0.016837657033991378, 0.008288547422786948], [-3.916899109772488, -0.43480385467083915, 0.0977494155485471, 0.012570327797009333, 0.03494687134409152, -0.0028810538900370386, 0.017402156087711437, -0.0014421452671651912], [-2.725764800169533, -0.033802433611502064, -0.1812330111619225, -0.10017440502538077, -0.10391592528613171, 0.006599820215055733, -0.02130360856314781, -0.008714456463310505], [-0.7712080610599531, 1.4401463468681528, 1.0803461592724226, -0.010292294012649533, 0.0013648028308395675, -0.011233475356232075, -0.02407295874620469, -0.003375563499970079], [6.848049805775665, -0.6691279598570179, 0.2767888504161308, -0.02878382706138851, -0.0017586469710729412, 0.014142247476027221, -0.01538084170693658, -0.00020638451994619156]], "cov": [[[0.10953589516037013, -0.01253787378895485, 0.019892674780364123, -0.0056051475159434525, -0.0037111630647473546, 0.00026953076280301317, 0.006062532751640395, 0.0002764534986564659], [-0.01253787378895485, 0.002075048001262629, -0.0012116279753963673, -8.897537845637366e-05, 0.0007234881730518773, 2.9258200362876386e-05, -0.0007977155433489606, 3.295511117808304e-05], [0.019892674780364123, -0.0012116279753963673, 0.005990333923456406, -0.0023668316341974014, -0.0007297098614567119, 0.0004046422605207878, 0.0006433447043345447, 0.0003774825440444517], [-0.0056051475159434525, -8.897537845637355e-05, -0.002366831634197402, 0.0018839718480031244, -0.0006858517844149687, -0.00039473719097992267, -3.71964318255431e-05, 0.00030363153007810436], [-0.0037111630647473546, 0.0007234881730518771, -0.000729709861456712, -0.0006858517844149687, 0.002638986955132967, -0.0004668735755222915, -0.0003462803020067888, -0.0010023668584534136], [0.00026953076280301317, 2.925820036287636e-05, 0.00040464226052078776, -0.00039473719097992267, -0.0004668735755222915, 0.001543173502942356, 0.0004804615389780132, -0.0006546735060306467], [0.006062532751640394, -0.0007977155433489605, 0.0006433447043345445, -3.7196431825543044e-05, -0.0003462803020067888, 0.0004804615389780132, 0.0008328891400171405, -0.00023036289965196614], [0.0002764534986564658, 3.2955111178083015e-05, 0.00037748254404445164, 0.00030363153007810436, -0.0010023668584534136, -0.0006546735060306467, -0.00023036289965196608, 0.0012250223553666264]], [[0.3204912996619818, 0.0036709670150170404, 0.029528395795961192, 0.02921680546888967, -0.013435611781692275, 0.02115075147816682, -0.010727661294395379, -0.0026320250119711967], [0.003670967015017041, 0.0014293548191672157, 0.0009095466959154975, 3.377942917044631e-05, -0.0015277729453422846, -0.0011323996925954177, -0.00018863607712732523, 9.971291359284189e-05], [0.029528395795961192, 0.0009095466959154975, 0.004927325516222415, 0.003182789279768601, -0.00256100608576106, 0.003092968432572676, -0.00135091368723494, -1.8369258955121638e-05], [0.02921680546888967, 3.377942917044634e-05, 0.003182789279768601, 0.005291078267531006, -0.0027391883277683125, 0.002973785178601394, -0.0013924246402237412, -0.0009086846327696286], [-0.013435611781692277, -0.0015277729453422846, -0.00256100608576106, -0.002739188327768313, 0.00447221171022585, -0.000492286178026356, 0.00035952113760638203, 0.0005535749662465725], [0.021150751478166824, -0.0011323996925954177, 0.003092968432572676, 0.002973785178601394, -0.0004922861780263559, 0.005726706559783655, 0.00040709765605647383, -0.0004889459173410467], [-0.010727661294395379, -0.00018863607712732512, -0.0013509136872349402, -0.001392424640223741, 0.00035952113760638214, 0.0004070976560564739, 0.0020958614094599465, 0.00010376212239579666], [-0.002632025011971197, 9.971291359284185e-05, -1.8369258955121777e-05, -0.0009086846327696286, 0.0005535749662465725, -0.0004889459173410467, 0.00010376212239579665, 0.0015668225599464805]], [[0.04676441405472327, 0.01941986025455033, -0.016741389532798842, -0.04143662359627206, -0.007309553506060833, -0.0013815909221285905, 0.0004468985124451527, 0.0004086180432867705], [0.01941986025455033, 0.00983191244405883, -0.005737896122933543, -0.017363283378951096, -0.0023465282662750516, -0.0007739712603916744, 0.0013973321069524227, 0.00043393602111866915], [-0.01674138953279884, -0.005737896122933542, 0.007444000050046666, 0.017232129459357686, 0.0015228761804844766, 0.0005112235527110394, 0.00035459270979596954, 0.00037327154180891923], [-0.04143662359627206, -0.0173632833789511, 0.017232129459357686, 0.055303416165702016, -0.0007718414305034038, 0.001384456668139954, -0.0016956316702460175, 0.0010814485671846053], [-0.007309553506060833, -0.0023465282662750516, 0.0015228761804844768, -0.0007718414305034029, 0.013052577666905483, -0.000476865812566381, 0.0010875555757377867, -0.001260807839600632], [-0.0013815909221285905, -0.0007739712603916742, 0.0005112235527110395, 0.001384456668139954, -0.000476865812566381, 0.002001378409850683, 0.0012276930174650834, -0.0005501284605678009], [0.00044689851244515265, 0.0013973321069524227, 0.0003545927097959696, -0.001695631670246017, 0.0010875555757377865, 0.0012276930174650834, 0.0023589413595779063, 0.00017337545918867073], [0.00040861804328677046, 0.00043393602111866904, 0.00037327154180891923, 0.0010814485671846053, -0.001260807839600632, -0.0005501284605678008, 0.00017337545918867076, 0.0038980580320725944]], [[0.05569034497115036, 0.01744117776659206, -0.011572247844236412, 0.008115915926556812, -0.005034655425816415, -0.0035341029464192263, -0.0020904812288822564, -0.006389934370405809], [0.01744117776659206, 0.005812136849052472, -0.003300231743882304, 0.0023641152357288253, -0.0021477650794197467, -0.0006815234358803956, -0.00011144835747110637, -0.0018282333347272126], [-0.011572247844236412, -0.003300231743882304, 0.0035660324189192598, -0.0022912433427671984, 0.0008766116257557578, 0.001287034528412078, 0.0002078709446959803, 0.0018511564260573737], [0.008115915926556812, 0.0023641152357288257, -0.0022912433427671984, 0.0020760091485198923, -0.0011702150004323925, -0.0007439833874512966, -0.00023556533678366663, -0.0019310644292214883], [-0.005034655425816414, -0.0021477650794197467, 0.0008766116257557578, -0.0011702150004323925, 0.0029273012420661993, -0.0010205499970590665, -0.0017088390155470632, 0.001325545117165545], [-0.0035341029464192263, -0.0006815234358803956, 0.0012870345284120778, -0.0007439833874512965, -0.0010205499970590663, 0.0018463484543389589, 0.0017522247775813825, 0.000494914554591932], [-0.002090481228882256, -0.0001114483574711064, 0.0002078709446959802, -0.00023556533678366657, -0.0017088390155470632, 0.0017522247775813827, 0.0028073008463110434, 0.00048182601624754105], [-0.006389934370405809, -0.001828233334727213, 0.0018511564260573737, -0.0019310644292214883, 0.001325545117165545, 0.000494914554591932, 0.00048182601624754105, 0.0038934829405181223]], [[0.2668478373525848, 0.017609333594225743, -0.05126318520305777, 0.013814303296938764, 0.02662769262838402, -0.01158232844127636, 0.0009471745506585518, -0.004485576396775521], [0.01760933359422574, 0.0014466685902369428, -0.0030011447666671, 0.0010466075916386885, 0.0017502605743734698, -0.00020296000386931708, 0.00033772645373583926, -0.0011701269873552016], [-0.05126318520305777, -0.0030011447666671, 0.010487955454570956, -0.0023918308727115573, -0.005128915708624284, 0.0026288175983165208, -0.00015964292197308028, -0.0004736974170152519], [0.013814303296938762, 0.0010466075916386885, -0.0023918308727115573, 0.0016939277992838817, 0.0001467890241101969, -0.00015896313405688642, 0.0003273187534080883, -0.0009266921782069749], [0.02662769262838402, 0.0017502605743734698, -0.005128915708624283, 0.00014678902411019692, 0.0057400591838870285, -0.002539518772462886, -0.0016262250339107518, -0.0015957226933949085], [-0.01158232844127636, -0.00020296000386931713, 0.002628817598316521, -0.00015896313405688653, -0.002539518772462886, 0.003573134884013608, 0.0026343849408872293, -0.000493501174808862], [0.0009471745506585518, 0.00033772645373583926, -0.00015964292197308028, 0.0003273187534080883, -0.0016262250339107518, 0.0026343849408872293, 0.0026953804646571767, 0.0007016482353132475], [-0.004485576396775521, -0.0011701269873552018, -0.0004736974170152519, -0.0009266921782069749, -0.0015957226933949087, -0.000493501174808862, 0.0007016482353132474, 0.00581470473937812]], [[0.000617324479432574, 0.00031795034537674034, 0.0009855592495973445, -0.0003327384296235827, -7.718115516270741e-05, -4.6242119769260965e-05, 1.573364954878151e-05, -0.00011903336488224788], [0.00031795034537674034, 0.008303138617462364, 0.006155723260633162, -0.003827673958164502, 0.0003131883177045321, -0.0019845484934963168, 0.003751970810538451, -0.0002101016729124045], [0.0009855592495973445, 0.006155723260633161, 0.00574198984801245, -0.003210140274483066, 0.00019853167317159402, -0.0012331728014423448, 0.0026236533340697255, -0.0003285124722677383], [-0.0003327384296235827, -0.003827673958164502, -0.003210140274483066, 0.001954030777499495, -0.00022724589742413712, 0.0008706950051570946, -0.0016322843587715892, 0.00012302824849554398], [-7.718115516270741e-05, 0.0003131883177045321, 0.00019853167317159404, -0.00022724589742413712, 0.00017175957621014119, -0.00014004836742269623, 5.13374908770865e-05, 2.3305750827411163e-06], [-4.624211976926096e-05, -0.0019845484934963163, -0.0012331728014423448, 0.0008706950051570946, -0.00014004836742269623, 0.0008300287621903039, -0.0007627958459209719, -6.296085208810188e-05], [1.5733649548781515e-05, 0.0037519708105384505, 0.0026236533340697255, -0.001632284358771589, 5.133749087708647e-05, -0.0007627958459209719, 0.001842752259923794, -8.98747257112934e-05], [-0.00011903336488224788, -0.00021010167291240454, -0.0003285124722677383, 0.00012302824849554398, 2.3305750827411125e-06, -6.296085208810187e-05, -8.98747257112934e-05, 0.0001815930415957971]]]}