{"weights": [0.11781033686027369, 0.13077636955136884, 0.21867683791542794, 0.29548893876935495, 0.202237267550749, 0.03501024935282552], "means": [[-3.8430179809436567, 0.4271957059449329, 0.39606576822177475, -0.1455038721071233, -0.03512588302531163, 0.017034856000374746, -0.10461369644288745, -0.004273199991411434], [0.6891348970455665, 1.4797724934035403, -1.016344973831361, 0.007242907025872745, 3.226410752704654e-05, 0.001504001350177543, 0.006607748624012666, -0.0013939994665716944], [3.9109881920083303, -0.44104230740426553, -0.1036024864633932, -0.01545678970301698, 0.022490005022502386, -0.00016634496660838385, -0.010093302019374036, -0.00392740263771842], [-1.0843573778779008, 0.5396764796119522, 0.5452972893902144, -0.004224940811647825, 0.04661148774029877, -0.008544962871965555, 0.04304130065223924, -0.007254213585734617], [2.7363354960661836, -0.044127722878759136, 0.1943993186404339, 0.10238837853630098, -0.09885532961517539, 0.004498947890696065, 0.008384891863612591, 0.0202721448165715], [-6.87019803921968, -0.6443025103586277, -0.308899569774063, 0.043108419114307045, -0.0032185394544281664, -0.00299431837821474, 0.009991930728471751, 0.0012281445598592176]], "cov": [[[0.16806670517646347, 0.02247589519106794, 0.026860326405947547, -0.004474015181366463, 0.006766585296721386, 0.0004842039642291573, 0.005899978368989236, 0.0035720598908583756], [0.02247589519106794, 0.003978075474992553, 0.002090668297255708, 0.0006238349349404142, 0.0011560562907753434, -0.00012299016283922058, 0.0010053498574769055, 0.00046183644180921614], [0.026860326405947547, 0.002090668297255708, 0.007437586948307709, -0.0033330786533264374, 0.0006516048549052798, 0.0002325746239899037, -1.8646500498465796e-05, 0.0009068618739888691], [-0.004474015181366463, 0.0006238349349404142, -0.0033330786533264374, 0.0029638238337994205, 0.0009296691506798068, -0.00017086341222039618, 0.0007756006879379069, -0.0001806333210050979], [0.006766585296721386, 0.0011560562907753434, 0.0006516048549052798, 0.0009296691506798068, 0.0020955837926206807, 0.00029209465562408184, 0.00041383172359014134, 0.00047063998887656404], [0.0004842039642291573, -0.00012299016283922058, 0.0002325746239899037, -0.00017086341222039618, 0.00029209465562408184, 0.0015425482677106131, 0.00010071903498228025, -1.955693292340235e-05], [0.005899978368989236, 0.0010053498574769055, -1.8646500498465796e-05, 0.0007756006879379069, 0.00041383172359014134, 0.00010071903498228025, 0.000781034817478046, -9.889427129792937e-05], [0.0035720598908583756, 0.00046183644180921614, 0.0009068618739888691, -0.0001806333210050979, 0.00047063998887656404, -1.955693292340235e-05, -9.889427129792937e-05, 0.0008061397448278489]], [[0.2524455433544266, -0.017308034355563145, -0.051134902661285314, 0.007284517242930459, -0.03752344896452731, -0.0038068757548102594, 0.011514506403128417, -0.01080131669552215], [-0.017308034355563145, 0.0019071084743184352, 0.002847849969262218, -0.0003137204015196946, 0.0028077813663396254, 0.0001755559328269621, -0.0009897735118624908, 0.0010236960602829366], [-0.051134902661285314, 0.002847849969262218, 0.011226932114557909, -0.0014896164684901547, 0.007602188360998466, 0.0005428142020496781, -0.0022759360201366594, 0.0020218538093725587], [0.007284517242930459, -0.0003137204015196946, -0.0014896164684901547, 0.0008992573816541964, -0.0002656010272907089, -4.277918995443665e-05, 0.0002414538331539638, -0.0002820821761115128], [-0.03752344896452731, 0.0028077813663396254, 0.007602188360998466, -0.0002656010272907089, 0.00763315979917127, 0.0013708856483034423, -0.001752538625671815, 0.00287786051336298], [-0.0038068757548102594, 0.0001755559328269621, 0.0005428142020496781, -4.277918995443665e-05, 0.0013708856483034423, 0.004139661055780695, 0.000510517456032103, -0.0002630928106889615], [0.011514506403128417, -0.0009897735118624908, -0.0022759360201366594, 0.0002414538331539638, -0.001752538625671815, 0.000510517456032103, 0.0007434343594278321, -0.0007841587235976047], [-0.01080131669552215, 0.0010236960602829366, 0.0020218538093725587, -0.0002820821761115128, 0.00287786051336298, -0.0002630928106889615, -0.0007841587235976047, 0.003115022279281434]], [[0.04322218017515467, -0.018528643770424926, -0.015554767055743999, -0.039421387149466504, 0.008727747708078513, -0.001520672407302965, 0.0010459713663988836, -0.00018256964530398068], [-0.018528643770424926, 0.009849811421635204, 0.005502139957298289, 0.018394138184844904, -0.002670216889199606, 0.000449832514995846, -0.001478048043369369, -0.0002493954744538053], [-0.015554767055743999, 0.005502139957298289, 0.0070179787158755925, 0.01626676686886852, -0.002095289581846072, 0.0003934434023237243, -0.00021256581109247593, 0.00020955004886943763], [-0.039421387149466504, 0.018394138184844904, 0.01626676686886852, 0.056988682503526095, 0.0018383342674755713, -3.0449196541298342e-05, -0.003454259196922975, 0.0003749908187670694], [0.008727747708078513, -0.002670216889199606, -0.002095289581846072, 0.0018383342674755713, 0.01391502366573432, -0.00038908081247411325, -0.0017031516228250081, 0.0006615859402177373], [-0.001520672407302965, 0.000449832514995846, 0.0003934434023237243, -3.0449196541298342e-05, -0.00038908081247411325, 0.00392386520364954, 0.0005438541008039424, 0.00020068294410609011], [0.0010459713663988836, -0.001478048043369369, -0.00021256581109247593, -0.003454259196922975, -0.0017031516228250081, 0.0005438541008039424, 0.0010108737174886475, -0.00010744628000168918], [-0.00018256964530398068, -0.0002493954744538053, 0.00020955004886943763, 0.0003749908187670694, 0.0006615859402177373, 0.00020068294410609011, -0.00010744628000168918, 0.0030169097333606456]], [[0.422307712401838, -0.00022835653026154136, 0.0313343671665228, 0.0353013008487465, 0.005307095803057768, 0.005027846703925897, -0.02121662284210484, -0.0112042443195827], [-0.00022835653026154136, 0.0012762482246671085, -0.000404600575167736, -0.00023451337248736975, -0.0014530948971678858, 0.000241942138632729, -0.0006724477337315305, -0.00015082167208824276], [0.0313343671665228, -0.000404600575167736, 0.0043579889045980555, 0.002712817181600532, 0.0013864459606375238, 0.0010259982678010777, -0.0026825376665983555, -0.0006339119802564658], [0.0353013008487465, -0.00023451337248736975, 0.002712817181600532, 0.005501165255221308, 0.0019398545379825396, 0.0011639515957283853, -0.0016611612152670691, -0.0016974951948166904], [0.005307095803057768, -0.0014530948971678858, 0.0013864459606375238, 0.0019398545379825396, 0.0034657825355211705, 0.000582725212732127, 0.0002656384099129324, -0.00015156530296730239], [0.005027846703925897, 0.000241942138632729, 0.0010259982678010777, 0.0011639515957283853, 0.000582725212732127, 0.003142094990532093, -0.000637415171142259, -0.00017383359441935543], [-0.02121662284210484, -0.0006724477337315305, -0.0026825376665983555, -0.0016611612152670691, 0.0002656384099129324, -0.000637415171142259, 0.0026530920619380165, 0.0003887684163481946], [-0.0112042443195827, -0.00015082167208824276, -0.0006339119802564658, -0.0016974951948166904, -0.00015156530296730239, -0.00017383359441935543, 0.0003887684163481946, 0.0020284286150072488]], [[0.043208666732103405, -0.01306624482545748, -0.008755955277925869, 0.004732809250042843, 0.0023799454886643642, -0.0041830579690569905, -0.0002411293262629696, -0.0003175354410105284], [-0.01306624482545748, 0.0044111553264298995, 0.002253427284500408, -0.0011330415764141107, -0.001082750526092558, 0.000941353649659967, -0.00013647115293592625, 0.0002212481365344393], [-0.008755955277925869, 0.002253427284500408, 0.002675603662725772, -0.0013024297642010131, -0.0003159673285160641, 0.0008346903809486951, -0.0002781543301310842, -6.0247729445918464e-05], [0.004732809250042843, -0.0011330415764141107, -0.0013024297642010131, 0.0018935629484554454, 0.0010399822787272505, -0.0005481803093489068, 5.697926605408238e-05, -0.0005379199367028729], [0.0023799454886643642, -0.001082750526092558, -0.0003159673285160641, 0.0010399822787272505, 0.002052942849653433, 0.0007593346525018918, 0.0004474410144397541, -0.00036164562061831006], [-0.0041830579690569905, 0.000941353649659967, 0.0008346903809486951, -0.0005481803093489068, 0.0007593346525018918, 0.003253600179217421, 0.0007948902286585602, 1.2835216103974915e-05], [-0.0002411293262629696, -0.00013647115293592625, -0.0002781543301310842, 5.697926605408238e-05, 0.0004474410144397541, 0.0007948902286585602, 0.0006988575187359387, -0.0004012525382280396], [-0.0003175354410105284, 0.0002212481365344393, -6.0247729445918464e-05, -0.0005379199367028729, -0.00036164562061831006, 1.2835216103974915e-05, -0.0004012525382280396, 0.002381507680678911]], [[0.0005200214843053799, -0.00044804839199937793, 0.0008776252233916972, -0.0002806872464546102, 0.00010698957227727527, 7.49355653044919e-05, 0.0001748932832122103, -0.00018102252833706196], [-0.00044804839199937793, 0.008124673364211358, -0.005837306932149608, 0.0037220915202629094, 0.00026760512007364024, -0.00037318503367715124, -0.003591099825771888, -0.000853480414359515], [0.0008776252233916972, -0.005837306932149608, 0.005165692322936374, -0.002935037255480204, -0.00017119106118885114, 0.00048693634299673175, 0.0023434803609174034, 0.000375865121810598], [-0.0002806872464546102, 0.0037220915202629094, -0.002935037255480204, 0.0019224391054871854, 0.00030825654534608266, -5.924181512847285e-05, -0.0015014662525796084, -0.0004766560088409024], [0.00010698957227727527, 0.00026760512007364024, -0.00017119106118885114, 0.00030825654534608266, 0.00031235104539846504, 0.0002614447907289174, 1.2806985781833731e-06, -0.00021726251221632965], [7.49355653044919e-05, -0.00037318503367715124, 0.00048693634299673175, -5.924181512847285e-05, 0.0002614447907289174, 0.0006533717865369316, 0.00015689664180167106, -0.00023036515874567994], [0.0001748932832122103, -0.003591099825771888, 0.0023434803609174034, -0.0015014662525796084, 1.2806985781833731e-06, 0.00015689664180167106, 0.0017424453522069587, 0.000319395007402103], [-0.00018102252833706196, -0.000853480414359515, 0.000375865121810598, -0.0004766560088409024, -0.00021726251221632965, -0.00023036515874567994, 0.000319395007402103, 0.0004723855090078092]]]}