{"weights": [0.1722222222107162, 0.1666666669526398, 0.29999999936421073, 0.12777777818777447, 0.15555555534656618, 0.0777777779380925], "means": [[6.852538169452577, -0.6536003409667251, 0.29129180099575974, -0.03715328663530125, -0.001652691983347681, 0.008086941130350364, -0.008877955449797484, 0.0017627704475516213], [-4.115697720081185, -0.5195868234858086, 0.17422555763432904, 0.22289813717440268, 0.042357389089274215, 0.0005230526234088926, 0.007822017795687471, 0.00881325764495766], [-3.242355569214601, -0.2071577786454837, -0.08655445154439506, -0.1403382516259458, -0.04463604349088469, -0.006981202660043365, -0.002261765225800388, -0.008717531348219126], [0.691203263206542, 0.555235808524222, -0.5682005980521031, -0.03848750366052687, 0.06465176445303455, 0.005461513700090643, -0.004631888090700405, 0.015163831913249385], [2.8733493276119364, 0.5028823615026587, -0.40965968252913415, 0.11085601703772, -0.012253502326165452, -0.0010142464353747021, 0.013972660231573645, -0.00666841393190411], [-0.7301433719110751, 1.4417575386635015, 1.0683009047812295, -0.012548753917093492, 0.0033546855289356974, 0.0009558766935536421, -0.008714975192327641, -0.0007392476519087994]], "cov": [[[0.0005469447011880218, 0.00036272347364831964, 0.0009120982050448257, -0.0003228699388996461, -6.971282824505219e-05, -7.475338395804218e-05, 5.201998536573293e-05, -0.00010219779911080251], [0.00036272347364831964, 0.008259817190669427, 0.006192981606835105, -0.0038279348455146417, 0.00030813549935121724, -0.001961940931855257, 0.003722376968746885, -0.00022093182739173076], [0.0009120982050448257, 0.006192981606835105, 0.005659359355525006, -0.0031939681596096225, 0.00020518270870717225, -0.001261918118841834, 0.00265523962417062, -0.00031028064866739954], [-0.0003228699388996461, -0.0038279348455146417, -0.0031939681596096225, 0.0019496463633038824, -0.00022750800932525483, 0.0008731988880270282, -0.0016360599807886198, 0.00012053823909833026], [-6.971282824505219e-05, 0.00030813549935121724, 0.00020518270870717225, -0.00022750800932525483, 0.0001696551966426547, -0.00013594170057595255, 4.890402312916499e-05, 2.953294847146205e-07], [-7.475338395804218e-05, -0.001961940931855257, -0.001261918118841834, 0.0008731988880270282, -0.00013594170057595255, 0.0008123635614776416, -0.0007484645717290797, -5.4526502053724826e-05], [5.201998536573293e-05, 0.003722376968746885, 0.00265523962417062, -0.0016360599807886198, 4.890402312916499e-05, -0.0007484645717290797, 0.0018209220462775256, -9.788602793410905e-05], [-0.00010219779911080251, -0.00022093182739173076, -0.00031028064866739954, 0.00012053823909833026, 2.953294847146205e-07, -5.4526502053724826e-05, -9.788602793410905e-05, 0.0001768224203077373]], [[0.0015550196196557617, 0.0009282508269491331, 0.00040003324512962135, 0.0007720595898922438, -0.0017683528855293163, -6.175769690647456e-05, -0.0005421485230984923, 0.00027769683161962843], [0.0009282508269491331, 0.0025883365287763626, 0.001167339400212907, -0.002381142090338414, 0.0030113867601524835, -0.0003176654448853752, 0.0013013739558811043, -0.00017508872048107316], [0.00040003324512962135, 0.001167339400212907, 0.0006744815188206505, -0.0004813383030286053, 0.0011845818904933614, -0.00010931584599144884, 0.0004462166859964796, -0.0003867905052820809], [0.0007720595898922438, -0.002381142090338414, -0.0004813383030286053, 0.01629983797119978, -0.005946968633582511, 0.0010997816210370568, -0.002278979361277067, -0.00095283198282304], [-0.0017683528855293163, 0.0030113867601524835, 0.0011845818904933614, -0.005946968633582511, 0.014385790394994812, -0.00123502197269766, 0.0036149025338654763, -0.000273859870155116], [-6.175769690647456e-05, -0.0003176654448853752, -0.00010931584599144884, 0.0010997816210370568, -0.00123502197269766, 0.0011567820029255004, 0.0005636697951814631, -0.0006702744733034391], [-0.0005421485230984923, 0.0013013739558811043, 0.0004462166859964796, -0.002278979361277067, 0.0036149025338654763, 0.0005636697951814631, 0.0023651661533810606, -0.00019206482630133048], [0.00027769683161962843, -0.00017508872048107316, -0.0003867905052820809, -0.00095283198282304, -0.000273859870155116, -0.0006702744733034391, -0.00019206482630133048, 0.003060350738156353]], [[0.2829672219512169, 0.09387137994568343, -0.05916139018201296, 0.029972156464564127, -0.03455386015862194, -0.0002017950004405032, -0.007953405665972434, -0.0019529190637457429], [0.09387137994568343, 0.032109617529131926, -0.01894593755052512, 0.010119955525023696, -0.013468952536763225, -2.886540230635363e-05, -0.0019692169054993445, -1.08375531116054e-05], [-0.05916139018201296, -0.01894593755052512, 0.01325989996324447, -0.006219943626175689, 0.005900507296076212, 0.00027898883256199, 0.001915984457792288, 0.000954737073873825], [0.029972156464564127, 0.010119955525023696, -0.006219943626175689, 0.00503442508020476, -0.00533024234182852, -0.0003006794536202257, -0.00098233357396285, -0.0005923656375758285], [-0.03455386015862194, -0.013468952536763225, 0.005900507296076212, -0.00533024234182852, 0.010516174716306306, -0.0005689413273589582, -0.000869329809457261, -0.0008327316303648944], [-0.0002017950004405032, -2.886540230635363e-05, 0.00027898883256199, -0.0003006794536202257, -0.0005689413273589582, 0.0021386563549504077, 0.0017021214810556443, 0.0001068630226781678], [-0.007953405665972434, -0.0019692169054993445, 0.001915984457792288, -0.00098233357396285, -0.000869329809457261, 0.0017021214810556443, 0.002575973356686978, 0.0006312431454946176], [-0.0019529190637457429, -1.08375531116054e-05, 0.000954737073873825, -0.0005923656375758285, -0.0008327316303648944, 0.0001068630226781678, 0.0006312431454946176, 0.0033201226595502347]], [[0.046096837137746635, 0.004810710982775687, -0.0003188777203301931, 0.0004338091052009734, -0.000406855977177988, -0.006762485489825234, -0.0029426240825370284, -0.00027955601003515373], [0.004810710982775687, 0.00144089695321985, 0.0007226842981300651, 0.00013156364949229029, -0.0017661851608814512, -0.0011617306737999693, -0.00010067860800309497, -7.672465420594952e-05], [-0.0003188777203301931, 0.0007226842981300651, 0.0007773401427893886, 0.0003044010728618016, -0.0015542467923883644, -0.00022973694603962595, 6.118867486954025e-05, 3.470311133630097e-05], [0.0004338091052009734, 0.00013156364949229029, 0.0003044010728618016, 0.0010972895916311419, -0.0007509956309696882, 0.00026938309541254033, -0.00022666709961748348, -0.0005561360600866434], [-0.000406855977177988, -0.0017661851608814512, -0.0015542467923883644, -0.0007509956309696882, 0.004005230661402739, 0.0006073032450415725, -0.00030298144836676523, 0.0006590770023878669], [-0.006762485489825234, -0.0011617306737999693, -0.00022973694603962595, 0.00026938309541254033, 0.0006073032450415725, 0.0030941267552881215, 0.0017045396420185834, -0.0004076322209930401], [-0.0029426240825370284, -0.00010067860800309497, 6.118867486954025e-05, -0.00022666709961748348, -0.00030298144836676523, 0.0017045396420185834, 0.0016211896943819895, -8.738684482478154e-05], [-0.00027955601003515373, -7.672465420594952e-05, 3.470311133630097e-05, -0.0005561360600866434, 0.0006590770023878669, -0.0004076322209930401, -8.738684482478154e-05, 0.0016889016668210743]], [[1.081728476860928, -0.0571048939705844, 0.0458104717976348, 0.020341562306036766, -0.024756189728388237, -0.09048860607479724, 0.06486743100290178, -0.012627103909215743], [-0.0571048939705844, 0.00414385767547112, -0.002376879095010157, -0.0013578369621074378, 0.0017805407590997066, 0.004410472076665026, -0.0033532466659419403, 0.0006237894799171821], [0.0458104717976348, -0.002376879095010157, 0.006417573198891306, -0.0018317670340182867, -0.0004170550102598913, -0.0023902000398589745, 0.002133376616145089, -7.586937700588571e-05], [0.020341562306036766, -0.0013578369621074378, -0.0018317670340182867, 0.003151116764774282, -0.0017156070624565136, -0.003028509038275646, 0.00162935430679584, -0.00030423440985013296], [-0.024756189728388237, 0.0017805407590997066, -0.0004170550102598913, -0.0017156070624565136, 0.0023283816207689363, 0.002099597299176589, -0.0017624862930920129, -0.00022598089265936938], [-0.09048860607479724, 0.004410472076665026, -0.0023902000398589745, -0.003028509038275646, 0.002099597299176589, 0.009483753944548054, -0.005065143649631272, 0.0010016630982228312], [0.06486743100290178, -0.0033532466659419403, 0.002133376616145089, 0.00162935430679584, -0.0017624862930920129, -0.005065143649631272, 0.004461410223410604, -0.000810873750130692], [-0.012627103909215743, 0.0006237894799171821, -7.586937700588571e-05, -0.00030423440985013296, -0.00022598089265936938, 0.0010016630982228312, -0.000810873750130692, 0.0008686814625023066]], [[0.27167947974297646, 0.01792638128808966, -0.052179992390959704, 0.01400320750788311, 0.027268298978020952, -0.011914640823704376, 0.0008317475553348902, -0.00460383065482547], [0.01792638128808966, 0.0014259215643863488, -0.0030861801897443, 0.0010174618982016325, 0.0017738094525350607, -0.0004079181471981803, 0.00022624813817374888, -0.0008764653388290257], [-0.052179992390959704, -0.0030861801897443, 0.010647000233283915, -0.0025414777558519152, -0.005286621767248896, 0.002614162610195428, -0.0001076561757096378, 7.154154615427736e-05], [0.01400320750788311, 0.0010174618982016325, -0.0025414777558519152, 0.0012828817639954713, 0.0007893152878095762, -0.0002972602322308983, 0.00021798921358562678, -0.0007735467845293818], [0.027268298978020952, 0.0017738094525350607, -0.005286621767248896, 0.0007893152878095762, 0.004253481107897608, -0.001882897344773509, -0.0007468803224258539, -0.0008985705557212022], [-0.011914640823704376, -0.0004079181471981803, 0.002614162610195428, -0.0002972602322308983, -0.001882897344773509, 0.002270966057186625, 0.0013816354006931592, -0.0006138534129567748], [0.0008317475553348902, 0.00022624813817374888, -0.0001076561757096378, 0.00021798921358562678, -0.0007468803224258539, 0.0013816354006931592, 0.0013650391915186165, 6.50084917814423e-05], [-0.00460383065482547, -0.0008764653388290257, 7.154154615427736e-05, -0.0007735467845293818, -0.0008985705557212022, -0.0006138534129567748, 6.50084917814423e-05, 0.0037070160699110726]]]}