{"weights": [0.1232475361107074, 0.19872769923325875, 0.2675575774329731, 0.13584013909550968, 0.0873946522946416, 0.18723239583290943], "means": [[3.7248451564623166, 0.461485880168544, -0.3836587827714324, 0.13689090858975256, -0.030721325028934224, -0.0814818798813635, 0.06580625871144624, -0.017007030583383105], [1.0553709227858687, 0.5573527707803483, -0.5285041286428807, -0.0006766361262776382, 0.04734006596704152, 0.03973116962301835, -0.017058041424931968, 0.016620447851165527], [-3.921401327284026, -0.44362295603758606, 0.09599262831631501, 0.025632700726239504, 0.02836960161107313, -0.005840675403548437, 0.008113529871453098, 0.0016307156181803667], [-2.6828757644504786, -0.023292261936750734, -0.20477394772854876, -0.08588731724983362, -0.10774311006460535, -0.007497826047400979, -0.023045620041114816, -0.01878527484931704], [-0.730991876559597, 1.4437791583124455, 1.0725591436913868, -0.015792075046217793, 0.005634860614544859, 0.004919636135900012, -0.005722768344961195, -0.003876077205280335], [6.851105004037341, -0.655266655763538, 0.2910809353660402, -0.03703179807366492, -0.0009078176629562388, 0.009840094701920241, -0.009882395080616972, 0.002371829060316474]], "cov": [[[0.20736245576615514, -0.023586668035649835, 0.038047330805226584, -0.010786141690040744, -0.007221661758813853, 0.0006610683368629203, 0.011437475021235686, 0.0006229893473974446], [-0.023586668035649835, 0.003425030378287214, -0.003326823721292491, 0.0006388775029169821, 0.0013038896431241838, 2.1432007167734177e-05, -0.0011751029263939907, -0.00010472501096221474], [0.03804733080522658, -0.003326823721292491, 0.008972377742703474, -0.003264934532888591, -0.0008238139139971621, 0.00044782387286071754, 0.0017980682597814534, 8.809922726887261e-05], [-0.010786141690040744, 0.0006388775029169821, -0.0032649345328885915, 0.0022467975917853746, -0.00044795807826758277, -0.00035297403582089403, -0.00012172111546723271, 0.00027934713857968537], [-0.007221661758813853, 0.0013038896431241838, -0.000823813913997162, -0.0004479580782675829, 0.0018351919405747885, -9.901511522116613e-05, -0.0004410021001254925, -0.0006177125633198479], [0.0006610683368629203, 2.143200716773418e-05, 0.00044782387286071765, -0.0003529740358208941, -9.901511522116612e-05, 0.0005953610818566048, 0.00013836944931331944, -0.00022723557744150507], [0.011437475021235686, -0.0011751029263939907, 0.0017980682597814538, -0.00012172111546723267, -0.0004410021001254926, 0.00013836944931331944, 0.0012116399602179668, 6.987374256032695e-05], [0.0006229893473974446, -0.0001047250109622147, 8.809922726887258e-05, 0.0002793471385796854, -0.0006177125633198479, -0.00022723557744150507, 6.987374256032695e-05, 0.0006368991522432333]], [[0.2946357886830789, 0.0033723481892029153, 0.027133954333428665, 0.02687374873607967, -0.01237690807048987, 0.019476261992630747, -0.00981980443924845, -0.002439593830169848], [0.0033723481892029153, 0.0010164629010816512, 0.0007299653420497145, 5.7688152257272397e-05, -0.0010899596539995877, -0.0005829146805021473, -3.554244364008759e-05, 2.689418458945785e-06], [0.027133954333428665, 0.0007299653420497146, 0.004621000706083929, 0.002988384565120665, -0.0021337806941794583, 0.0028156877157623217, -0.0015653768923270894, -5.687477438341344e-06], [0.02687374873607967, 5.7688152257272397e-05, 0.002988384565120665, 0.004722394985562022, -0.0024553802667905086, 0.002693655817801877, -0.0012855114012532089, -0.0006502314159381623], [-0.01237690807048987, -0.0010899596539995877, -0.0021337806941794583, -0.0024553802667905086, 0.0036721255338470517, -0.000958708156335314, 1.570024067957151e-05, 0.0005572076948606419], [0.01947626199263075, -0.0005829146805021473, 0.0028156877157623217, 0.002693655817801877, -0.000958708156335314, 0.004351039591058378, 0.00010651953456857467, -0.00044545377550202296], [-0.00981980443924845, -3.554244364008759e-05, -0.0015653768923270894, -0.0012855114012532089, 1.570024067957149e-05, 0.00010651953456857467, 0.002234036756178445, -6.77926855861795e-05], [-0.002439593830169848, 2.689418458945784e-06, -5.6874774383413355e-06, -0.0006502314159381623, 0.0005572076948606419, -0.0004454537755020229, -6.77926855861794e-05, 0.0015505964248582335]], [[0.04004216412466198, 0.016505822914042668, -0.014153468186044862, -0.03394274085393221, -0.007707282734184097, -0.001114345385187482, 0.0001772359853977435, 0.0005502372565597437], [0.016505822914042668, 0.008374992619716613, -0.004779264231294567, -0.01435470241736638, -0.00258649915361268, -0.0006982384537338124, 0.001098968382810379, 0.00046409935649498906], [-0.014153468186044862, -0.004779264231294567, 0.006338081979125076, 0.014400212410041222, 0.0013172907134459265, 0.0003775739620174459, 0.00030980526426656004, 0.00032991533684306236], [-0.0339427408539322, -0.014354702417366376, 0.014400212410041222, 0.047587833250001876, -0.0025746858056207578, 0.0012073023517229463, -0.0016645681913089651, 0.001171680937113333], [-0.007707282734184099, -0.00258649915361268, 0.0013172907134459265, -0.0025746858056207578, 0.01392661799244492, -0.0004198069296881425, 0.001199552580444906, -0.0015723894257234688], [-0.001114345385187482, -0.0006982384537338125, 0.00037757396201744593, 0.0012073023517229463, -0.00041980692968814255, 0.0016991161345059438, 0.00101615370803925, -0.00029599146730578245], [0.0001772359853977435, 0.0010989683828103792, 0.0003098052642665601, -0.0016645681913089647, 0.0011995525804449057, 0.0010161537080392497, 0.0020395317253846554, 0.000246828551148504], [0.0005502372565597439, 0.000464099356494989, 0.00032991533684306236, 0.0011716809371133331, -0.0015723894257234686, -0.0002959914673057825, 0.0002468285511485036, 0.0033204401754317265]], [[0.03617716944145121, 0.011270905534917454, -0.0075184598559099956, 0.005239542803521786, -0.0030708217589197903, -0.0023878300174867044, -0.0015327052282795457, -0.004131601192202275], [0.011270905534917452, 0.0039327502012796965, -0.0020658594194553643, 0.0015353826002506054, -0.001881481079745042, -0.00012438387822910453, 0.0004105344892273916, -0.0012414963412136198], [-0.007518459855909994, -0.0020658594194553643, 0.002448974977451155, -0.0014820293479896373, 0.00034220907695505274, 0.000997400888405437, 0.00025457792023390115, 0.0011754526383416712], [0.005239542803521785, 0.0015353826002506054, -0.0014820293479896373, 0.0014994575849351735, -0.0009452415015986987, -0.0004382905185856611, -7.706409530564585e-05, -0.0012066278980073267], [-0.0030708217589197903, -0.0018814810797450423, 0.00034220907695505285, -0.0009452415015986987, 0.003959042018824539, -0.0020161120830472358, -0.003041399211463054, 0.0010277920449839042], [-0.002387830017486704, -0.00012438387822910456, 0.000997400888405437, -0.0004382905185856611, -0.0020161120830472358, 0.0024777674864338004, 0.0027302222365919713, 8.664225068468724e-05], [-0.0015327052282795457, 0.0004105344892273916, 0.00025457792023390115, -7.706409530564584e-05, -0.003041399211463054, 0.0027302222365919713, 0.004062366979719554, 4.913044957138657e-05], [-0.004131601192202274, -0.00124149634121362, 0.0011754526383416714, -0.0012066278980073267, 0.0010277920449839042, 8.664225068468732e-05, 4.913044957138657e-05, 0.002686406727726843]], [[0.4266165556630786, 0.0281048713149884, -0.0820106965519122, 0.02194610340476266, 0.0429157618476554, -0.018807726277209447, 0.0012277177291281779, -0.007193947513172391], [0.0281048713149884, 0.0020469980996059038, -0.005129949357223956, 0.0015202667983633506, 0.0028164220130530897, -0.0009420713836913542, 0.0002104928924265262, -0.0009129512199299334], [-0.08201069655191222, -0.005129949357223956, 0.016256077883503972, -0.004107617283234643, -0.008270609856677246, 0.003842372582411617, -0.00022127724128916942, 0.0007341680938540531], [0.021946103404762662, 0.0015202667983633504, -0.004107617283234643, 0.001641297915970966, 0.001676007418804772, -0.0006971876739487921, 0.00021064892231258562, -0.0007417069870386609], [0.04291576184765541, 0.00281642201305309, -0.008270609856677246, 0.0016760074188047725, 0.005757334835426977, -0.0025558791439864253, -0.0007057216957005731, -0.001224810743270508], [-0.018807726277209447, -0.0009420713836913542, 0.003842372582411617, -0.0006971876739487921, -0.0025558791439864253, 0.0023468491816198366, 0.0012270049883544958, -0.00014942734640851452], [0.0012277177291281779, 0.0002104928924265262, -0.0002212772412891694, 0.00021064892231258562, -0.0007057216957005732, 0.001227004988354496, 0.0012831062743278903, 0.00022602338604502936], [-0.007193947513172392, -0.0009129512199299334, 0.000734168093854053, -0.0007417069870386609, -0.001224810743270508, -0.00014942734640851452, 0.0002260233860450294, 0.003087424942848428]], [[0.0006619485661657237, 0.0005110940313982023, 0.0011097744274921088, -0.00039185185429587756, -0.00010838087794297025, -0.0001361810765284901, 0.00010608337423847953, -0.0001108455761011103], [0.0005110940313982022, 0.010624310792466998, 0.00802607866149087, -0.004938603689777551, 0.0003868339561628711, -0.002514800308182441, 0.004782330967890665, -0.0002897614741731251], [0.0011097744274921088, 0.00802607866149087, 0.007233322859668491, -0.004112567450565797, 0.00027703786650569125, -0.0016509655453595617, 0.003453184070649979, -0.0003894509775342352], [-0.00039185185429587756, -0.004938603689777552, -0.004112567450565797, 0.0025271811501344004, -0.00031896775431507776, 0.0011206100668850365, -0.0021039254552019885, 0.0001597406966297014], [-0.00010838087794297024, 0.0003868339561628711, 0.00027703786650569125, -0.00031896775431507776, 0.00025334013977258306, -0.0001583869525973428, 4.511598241788281e-05, -2.1527069218547314e-06], [-0.00013618107652849006, -0.0025148003081824416, -0.0016509655453595619, 0.0011206100668850365, -0.00015838695259734277, 0.0010526530610897148, -0.0009534442867811953, -7.286157333312282e-05], [0.00010608337423847954, 0.004782330967890665, 0.0034531840706499796, -0.002103925455201989, 4.511598241788281e-05, -0.0009534442867811953, 0.002339786978150954, -0.00013640851269840936], [-0.0001108455761011103, -0.0002897614741731251, -0.0003894509775342353, 0.0001597406966297014, -2.1527069218547322e-06, -7.286157333312283e-05, -0.00013640851269840936, 0.00020291508366133566]]]}