{"weights": [0.1722075774494565, 0.034290230109119975, 0.30776220693631184, 0.25239917179110594, 0.15555933128766286, 0.07778148242634296], "means": [[3.7208964909667928, 0.46220747993271394, -0.3832959253754156, 0.13398711147172168, -0.030837124751039002, -0.08191585738309005, 0.06338766686163048, -0.017505029966991145], [1.0520278372072511, 0.5558310201982374, -0.5258276799111065, 0.0021371471563704897, 0.04687039861126304, 0.04022882465685406, -0.020815627303758293, 0.012634594243314003], [-3.9211976733054827, -0.4425410462784933, 0.09530296388869251, 0.021309658106388598, 0.026067028297855194, -0.003887730255727823, 0.009615780370938585, 0.0019069475874794216], [-2.6888026617815837, -0.025118368634741605, -0.20386293865710006, -0.08537316224063005, -0.1069064022069823, -0.004886791317529305, -0.018098004132173048, -0.013096328652015043], [-0.7301411361040979, 1.4417779320224633, 1.0682532451745748, -0.012549391528524832, 0.003322628173894176, 0.0008986702614524938, -0.008711927319639157, -0.0007910283098151457], [6.852571645041118, -0.6536181306021842, 0.29123102257918887, -0.03709019713174115, -0.0015959694061934153, 0.008087461914424398, -0.008850661667349859, 0.0018050427958024521]], "cov": [[[9.807791299047903, -3.4939197300325975, 2.1134737585550956, -0.536276274016635, 0.09132597081924201, 0.28177742317810406, -0.2262495992640044, 0.06023928209728543], [-3.4939197300325975, 1.2532787357226505, -0.746515748200541, 0.18713237195197824, -0.03225570682847915, -0.10238628855151334, 0.08435417761191048, -0.021721230533929634], [2.1134737585550956, -0.746515748200541, 0.46072946796826014, -0.11864417440996151, 0.019892541059688656, 0.05945224576965835, -0.04609280985735734, 0.012688193975646977], [-0.536276274016635, 0.18713237195197824, -0.11864417440996151, 0.031239177504883125, -0.005222178155217986, -0.014529836521609388, 0.0107311990486672, -0.003177095087430254], [0.09132597081924201, -0.03225570682847915, 0.019892541059688656, -0.005222178155217986, 0.0010213927949319448, 0.002490684994856062, -0.002060033405211234, 0.0005626320752037316], [0.28177742317810406, -0.10238628855151334, 0.05945224576965835, -0.014529836521609388, 0.002490684994856062, 0.008912690987051079, -0.007252278708682916, 0.0016797156756007169], [-0.2262495992640044, 0.08435417761191048, -0.04609280985735734, 0.0107311990486672, -0.002060033405211234, -0.007252278708682916, 0.007042879327471373, -0.0014903762247389966], [0.06023928209728543, -0.021721230533929634, 0.012688193975646977, -0.003177095087430254, 0.0005626320752037316, 0.0016797156756007169, -0.0014903762247389966, 0.0005481056579491574]], [[26.7788120453839, 5.829366097789502, -3.4796357017930664, -0.7990642277043954, 0.6784974218294267, 0.21547938541022005, 0.08808539501890696, -0.15869519577513577], [5.829366097789502, 1.2730388691622119, -0.7587173266804882, -0.1802557620849125, 0.14791043071853335, 0.04710405042385765, 0.020062783606164994, -0.03549076394705842], [-3.4796357017930664, -0.7587173266804882, 0.45337833049667353, 0.10202211079818982, -0.08859829258639851, -0.027956240537064508, -0.011181117692820455, 0.020406912126462364], [-0.7990642277043954, -0.1802557620849125, 0.10202211079818982, 0.05828985049657054, -0.02118029585239899, -0.00574085483688753, -0.006591247450127171, 0.008176848802822474], [0.6784974218294267, 0.14791043071853335, -0.08859829258639851, -0.02118029585239899, 0.022136397445655983, 0.005160277101988344, 0.0024459794715895613, -0.0055121869649224315], [0.21547938541022005, 0.04710405042385765, -0.027956240537064508, -0.00574085483688753, 0.005160277101988344, 0.0023604664138400493, 0.0008997287187225538, -0.002168176895357154], [0.08808539501890696, 0.020062783606164994, -0.011181117692820455, -0.006591247450127171, 0.0024459794715895613, 0.0008997287187225538, 0.0009844156263183995, -0.0010062335386397336], [-0.15869519577513577, -0.03549076394705842, 0.020406912126462364, 0.008176848802822474, -0.0055121869649224315, -0.002168176895357154, -0.0010062335386397336, 0.0053140894449866345]], [[0.09071122566727712, 0.03259855777897329, -0.027244569589477553, -0.04485562788841964, -0.012965234098929638, -0.0014205823701323751, -0.003520713850169285, 0.002649597732669399], [0.03259855777897329, 0.013191938482981377, -0.008891479950307764, -0.01703446892616012, -0.005137950801685724, -0.0008708098542500105, -0.00042880839166165626, 0.001575358128545229], [-0.027244569589477553, -0.008891479950307764, 0.009999180331901595, 0.018252286086723257, 0.0027894759084316992, 0.00039995191852693025, 0.0012038749030956698, -0.00012798026248370033], [-0.04485562788841964, -0.01703446892616012, 0.018252286086723257, 0.0506125819484478, 0.0005629478104609821, 0.0012980840964273304, -0.0002908117639438738, -1.588604580412364e-05], [-0.012965234098929638, -0.005137950801685724, 0.0027894759084316992, 0.0005629478104609821, 0.012094855895508749, -0.0003937998738553074, 0.0006562072811276122, -0.0008680524950332613], [-0.0014205823701323751, -0.0008708098542500105, 0.00039995191852693025, 0.0012980840964273304, -0.0003937998738553074, 0.0019253423152948298, 0.0012190437627057234, -0.00021481139169734706], [-0.003520713850169285, -0.00042880839166165626, 0.0012038749030956698, -0.0002908117639438738, 0.0006562072811276122, 0.0012190437627057234, 0.00217932187235186, 0.0005360222591169093], [0.002649597732669399, 0.001575358128545229, -0.00012798026248370033, -1.588604580412364e-05, -0.0008680524950332613, -0.00021481139169734706, 0.0005360222591169093, 0.003044410259436526]], [[5.819979505392551, 0.9992251619455497, -0.626425721659126, 0.08243465918621919, 0.29297430590066625, 0.01356950172112147, 0.020857602226628396, 0.04657342643109376], [0.9992251619455497, 0.17249565888344265, -0.1073788026534641, 0.014372695370622687, 0.04910456186720757, 0.002491862080777937, 0.004020743753700207, 0.007825548675033017], [-0.626425721659126, -0.1073788026534641, 0.06869867195393951, -0.009130787859583564, -0.03246696879661663, -0.0015898968249333494, -0.002335819156010678, -0.0046849734997504], [0.08243465918621919, 0.014372695370622687, -0.009130787859583564, 0.0023022145216061263, 0.0034752682551989294, 0.00014220157865873055, 8.95190532084097e-05, -0.00018070806315651628], [0.29297430590066625, 0.04910456186720757, -0.03246696879661663, 0.0034752682551989294, 0.018045152848445455, 0.0004845167854878595, 4.573538436086733e-05, 0.0031226990529135456], [0.01356950172112147, 0.002491862080777937, -0.0015898968249333494, 0.00014220157865873055, 0.0004845167854878595, 0.002516149799990287, 0.0018524629247826622, 4.226111133161232e-05], [0.020857602226628396, 0.004020743753700207, -0.002335819156010678, 8.95190532084097e-05, 4.573538436086733e-05, 0.0018524629247826622, 0.0023459096176405916, 0.00034693556167499193], [0.04657342643109376, 0.007825548675033017, -0.0046849734997504, -0.00018070806315651628, 0.0031226990529135456, 4.226111133161232e-05, 0.00034693556167499193, 0.002676227438055596]], [[14.06549925493688, -3.44007013966085, -5.279383494950195, 0.46497870056094426, -0.08086156974071039, -0.09736904204872994, 0.14659407129221655, -0.033799420961302645], [-3.44007013966085, 0.8856603624144691, 1.3852106649644225, -0.11720677921611597, 0.01640031670023917, 0.006205270624949269, -0.024648863901212903, 0.0061408447307784025], [-5.279383494950195, 1.3852106649644225, 2.190625373080934, -0.18419006576098718, 0.022592776222613742, 0.0004357210107944438, -0.031388881346352836, 0.008607876591350053], [0.46497870056094426, -0.11720677921611597, -0.18419006576098718, 0.01837806251715296, -0.003637341332343676, -0.0032641789688246763, 0.004428237106756367, -0.0010294637455522198], [-0.08086156974071039, 0.01640031670023917, 0.022592776222613742, -0.003637341332343676, 0.0025717586584247686, 0.002129267396308161, -0.002115616447304186, -0.00013425928978681828], [-0.09736904204872994, 0.006205270624949269, 0.0004357210107944438, -0.0032641789688246763, 0.002129267396308161, 0.009486571609525027, -0.005107810308539984, 0.0010127658295963433], [0.14659407129221655, -0.024648863901212903, -0.031388881346352836, 0.004428237106756367, -0.002115616447304186, -0.005107810308539984, 0.004975562936997377, -0.0009440880156297503], [-0.033799420961302645, 0.0061408447307784025, 0.008607876591350053, -0.0010294637455522198, -0.00013425928978681828, 0.0010127658295963433, -0.0009440880156297503, 0.0009033639004052119]], [[57.76542347787897, -15.869663148399841, -5.943666129479606, -0.17212376654317765, -0.010268606582237999, 0.04215373202880269, -0.00020005764699319203, 0.014689577727184917], [-15.869663148399841, 4.391741021551276, 1.624940899048705, 0.052451794421080056, 0.012145229485735267, -0.015350582376867506, 0.0005128574914991193, -0.006208062498106246], [-5.943666129479606, 1.624940899048705, 0.6144732345802736, 0.016517690908419844, -0.0014388438318131476, -0.002926852539116943, -3.5986535763920286e-06, -0.001904798123411821], [-0.17212376654317765, 0.052451794421080056, 0.016517690908419844, 0.0018872943466329488, 0.0009104192118452579, -0.0004726524405465006, 0.0002217796834174596, -0.0008360561394731588], [-0.010268606582237999, 0.012145229485735267, -0.0014388438318131476, 0.0009104192118452579, 0.004277831133433689, -0.001917825108215104, -0.0007463220145233955, -0.0009111016083006218], [0.04215373202880269, -0.015350582376867506, -0.002926852539116943, -0.0004726524405465006, -0.001917825108215104, 0.0023224919208212876, 0.0013800426593845924, -0.0005955494352434356], [-0.00020005764699319203, 0.0005128574914991193, -3.5986535763920286e-06, 0.0002217796834174596, -0.0007463220145233955, 0.0013800426593845924, 0.001365407656109123, 6.455801596442955e-05], [0.014689577727184917, -0.006208062498106246, -0.001904798123411821, -0.0008360561394731588, -0.0009111016083006218, -0.0005955494352434356, 6.455801596442955e-05, 0.00371323570102603]]]}