{"weights": [0.49232218360426194, 0.3040580035434655, 0.2036198128522725], "means": [[-2.111778853018384, -0.5249063230720568, 0.03985953245061565, -0.02223128278550109, 0.009014679530159476, -0.0015160720819050386, 0.00036506067310633885, -0.005216973284999069], [4.009222639805926, -2.715960144912078, -0.04223309008111262, 0.06476409945966526, -0.0272099239843771, -0.0037557745796684273, -0.0128363911526697, -0.00661404938894939], [1.8213559665198258, 3.611923415159578, -0.046842272571740305, -0.00757386291291903, -0.00038576809516624824, 0.0032911502920416375, 0.025109168584703134, 0.021495066803056885]], "cov": [[[0.022868041308576968, -0.009676083704875396, 0.006429084242872513, -0.05949547324724139, 0.018881150681458216, -0.01620372355956458, -0.008983228786081172, 0.004802034442801426], [-0.009676083704875396, 0.030800838010797627, -0.015188042575226554, 0.04981672856973894, -0.033655773784187736, 0.0037124150285086296, -0.01937002070557007, -0.005043295904686244], [0.006429084242872513, -0.015188042575226554, 0.01850903361929936, -0.07792974344748411, 0.029252951073354287, -0.00786004687350687, 0.016108557341188937, -0.006291115412684853], [-0.05949547324724139, 0.04981672856973894, -0.07792974344748411, 0.4453311997487666, -0.1370113477610228, 0.0726480408957081, -0.018093804777400975, 0.027941372247622193], [0.018881150681458216, -0.033655773784187736, 0.029252951073354287, -0.1370113477610228, 0.06535326892600503, -0.01094568964149698, 0.009783587281344746, -0.013387699853631339], [-0.01620372355956458, 0.0037124150285086296, -0.00786004687350687, 0.0726480408957081, -0.01094568964149698, 0.031132503821075172, -0.0030691646431778344, -0.012549970227263474], [-0.008983228786081172, -0.01937002070557007, 0.016108557341188937, -0.018093804777400975, 0.009783587281344746, -0.0030691646431778344, 0.05131482496040842, 0.00938049200245131], [0.004802034442801426, -0.005043295904686244, -0.006291115412684853, 0.027941372247622193, -0.013387699853631339, -0.012549970227263474, 0.00938049200245131, 0.024741085783004466]], [[11.133661769961135, -4.766860479836188, -0.4339165064165758, -2.286187205926521, 0.38955734935640773, -0.608569988958198, -0.1832232187115979, -0.0691577408563634], [-4.766860479836188, 5.184445515410173, 1.8996160838031682, 0.9717561750783785, 0.027697261369490318, 0.23086058626574324, 0.026311014408097872, -1.607106980361084e-05], [-0.4339165064165758, 1.8996160838031682, 1.1050669874553927, 0.02452001538041291, 0.04026547345941194, 0.027481579401341293, 0.006472455921944297, 0.023989867341613156], [-2.286187205926521, 0.9717561750783785, 0.02452001538041291, 1.167703371942133, 0.23892737767778968, -0.11561298742483603, 0.07310921530672353, -0.05117944598724572], [0.38955734935640773, 0.027697261369490318, 0.04026547345941194, 0.23892737767778968, 0.6881315859346028, -0.02071153828346857, -0.1012708851106274, 0.025007220871171243], [-0.608569988958198, 0.23086058626574324, 0.027481579401341293, -0.11561298742483603, -0.02071153828346857, 0.2596135298599405, -0.050402190647748625, 0.038557480652653575], [-0.1832232187115979, 0.026311014408097872, 0.006472455921944297, 0.07310921530672353, -0.1012708851106274, -0.050402190647748625, 0.07814563442561866, 0.01430345050794385], [-0.0691577408563634, -1.607106980361084e-05, 0.023989867341613156, -0.05117944598724572, 0.025007220871171243, 0.038557480652653575, 0.01430345050794385, 0.1579120377945613]], [[0.12422750698018033, -0.13466357946459243, 0.31488266320123054, 0.06226372675974473, 0.09895332802923604, 0.0030969871860159265, 0.011484805954516748, 0.013375227801198238], [-0.13466357946459243, 0.39969390198526955, 0.19531194305765906, -0.08811173605245774, -0.13363803571791816, -0.0021566834559653587, 0.00105463496657807, 0.01819007911638533], [0.31488266320123054, 0.19531194305765906, 3.9158861184001474, 0.16947573342187955, -0.13110277872514273, -0.0063372121871961545, -0.027352697664892234, -0.0064625357635161515], [0.06226372675974473, -0.08811173605245774, 0.16947573342187955, 0.0996366389630653, 0.004738764599891673, -0.015016949557469282, -0.05991512655914511, 0.009929155668275456], [0.09895332802923604, -0.13363803571791816, -0.13110277872514273, 0.004738764599891673, 0.24033068877740746, 0.06284909106547347, 0.127929525555267, -0.004391664627197856], [0.0030969871860159265, -0.0021566834559653587, -0.0063372121871961545, -0.015016949557469282, 0.06284909106547347, 0.04911955189327771, 0.08487203028059657, -0.026850819149956788], [0.011484805954516748, 0.00105463496657807, -0.027352697664892234, -0.05991512655914511, 0.127929525555267, 0.08487203028059657, 0.21217617186394513, -0.043952695439138774], [0.013375227801198238, 0.01819007911638533, -0.0064625357635161515, 0.009929155668275456, -0.004391664627197856, -0.026850819149956788, -0.043952695439138774, 0.03967701162643134]]]}