{"weights": [0.04225699078361464, 0.29666710157698734, 0.2663489391328057, 0.15980435727473447, 0.1543805931424927, 0.08054201808936515], "means": [[3.805973274863967, 0.4324800686649142, -0.4020448565368047], [1.1036007387080988, 0.5383948457289568, -0.544878753997605], [-3.9153431612613336, -0.4438029808149319, 0.10511210137264738], [-2.6987480483965878, -0.03254181597827431, -0.20226836298526438], [-0.6808779774036895, 1.4809941378876967, 1.0147577476136882], [6.8701383910219835, -0.6477813436909956, 0.30718975297743295]], "cov": [[[167.96856230097706, -22.446050658997834, 26.85187310896134], [-22.446050658997834, 4.07341908671057, -2.087562185862546], [26.85187310896134, -2.087562185862546, 7.540853606076234]], [[424.4728844227632, 0.20480998524479552, 31.410795205929016], [0.20480998524479527, 1.374927600927397, 0.4034344654821828], [31.410795205929016, 0.4034344654821828, 4.458623644372445]], [[43.307520070236855, 18.523310251373363, -15.55108700434313], [18.523310251373363, 9.946980259419073, -5.500565956126898], [-15.55108700434313, -5.500565956126898, 7.1162026566339085]], [[43.49228939865719, 13.123250307802932, -8.799257445071447], [13.123250307802936, 4.527625964528677, -2.2669110717784084], [-8.799257445071447, -2.2669110717784084, 2.784487091707204]], [[252.54454335442622, 17.308034355563137, -51.13490266128517], [17.308034355563137, 2.006108474318422, -2.847849969262223], [-51.13490266128517, -2.847849969262223, 11.325932114557869]], [[0.619021484305282, 0.44804839199938273, 0.877625223391613], [0.44804839199938273, 8.223673364211423, 5.837306932149635], [0.877625223391613, 5.837306932149635, 5.264692322936354]]]}