{"weights": [3.1824021968638396e-10, 0.062315526837803004, 0.7890524678692512, 0.1486320049747057], "means": [[1.6795959148332475, 3.572568722355244, -1.451224252788398, -0.10545914401455363, -0.0008525587418522697, -0.01055429541183184, 0.007613800267250439, 0.015151338447316072], [2.147482428107764, 3.6929839645899665, 3.265735721778659, 0.2396469367182787, -0.001299176067428227, 0.039415754914621334, 0.06553747101708711, 0.03510146564265965], [4.013255641167407, -2.7147217948784443, -0.045092462848516764, 0.0688586194067679, -0.020743465201158388, -0.00469463623780978, -0.011226500640389967, -0.01069909340665391], [-2.1125050395251335, -0.523253706792897, 0.03511728778712378, -0.02140133129071557, 0.008000586367840293, -0.0031098711949717403, -0.008526505745761059, -0.004935898056538195]], "cov": [[[0.047413603317835, -0.030185282179343128, 0.007941410056876026, 0.006926128203155362, 0.0725364846968406, 0.0014905704325821555, 0.012852930435390326, 0.024759685237853987], [-0.030185282179343128, 0.04500532431686274, 0.029043732822376905, -0.012403450959237266, -0.062233368837737474, -0.010549352155720084, -0.016559725080692433, -0.006366120458300192], [0.007941410056876026, 0.029043732822376905, 0.11578257570922829, -0.02124635890036433, -0.03360121629579575, -0.046997009153474614, -0.057406666064017425, 0.037205825969974314], [0.006926128203155362, -0.012403450959237266, -0.021246358900364335, 0.05746838098508532, -0.03375971780094835, -0.019889932068547778, -0.07090647842463536, 0.016499830728800586], [0.07253648469684061, -0.06223336883773749, -0.03360121629579575, -0.033759717800948344, 0.22037854162902265, 0.07512672688061332, 0.1525467779890558, -0.008416535011458297], [0.0014905704325821553, -0.010549352155720084, -0.04699700915347461, -0.019889932068547774, 0.07512672688061331, 0.05674662327751978, 0.09998395523312728, -0.035292637312104], [0.012852930435390326, -0.016559725080692433, -0.05740666606401742, -0.07090647842463536, 0.1525467779890558, 0.0999839552331273, 0.23658874872078925, -0.061663494478803385], [0.02475968523785399, -0.006366120458300194, 0.037205825969974314, 0.016499830728800586, -0.00841653501145829, -0.035292637312104, -0.061663494478803385, 0.037950250452593016]], [[0.1994762700675592, -0.30621127948024646, -0.13697381966204775, 0.18448372110379094, 0.303680058715411, 0.03561922662283529, 0.03133717266651563, 0.09565583002381634], [-0.30621127948024646, 0.5172505926291815, 0.08478164846286369, -0.28173261564416624, -0.46523306484396365, -0.05081134580289771, -0.030474816171250124, -0.13254299944042724], [-0.13697381966204777, 0.0847816484628637, 0.619640376602597, -0.10127337220206067, -0.28585909120680836, -0.04285009803036517, -0.1060380578534774, -0.12740663348332487], [0.18448372110379094, -0.28173261564416624, -0.1012733722020607, 0.21418107431080557, 0.2595234205474481, 0.03042958427002366, 0.0030924321534748743, 0.08945860080390176], [0.303680058715411, -0.46523306484396365, -0.28585909120680836, 0.25952342054744804, 0.506186108664918, 0.06810899522823227, 0.07948090335765849, 0.14655393503555256], [0.035619226622835294, -0.05081134580289771, -0.04285009803036517, 0.03042958427002366, 0.06810899522823227, 0.021235662240335892, 0.015673877399703016, 0.008844471445227212], [0.03133717266651563, -0.030474816171250124, -0.1060380578534774, 0.003092432153474869, 0.07948090335765849, 0.015673877399703016, 0.10636570756176646, 0.025693638375906973], [0.09565583002381634, -0.13254299944042724, -0.12740663348332484, 0.08945860080390175, 0.14655393503555256, 0.008844471445227212, 0.02569363837590697, 0.06320655874837162]], [[0.4409004534675698, 0.11856510141200766, -0.0019263425434422274, -0.2565037457024143, -0.10097447517602508, 0.06196801565912312, -0.05106480123173007, -0.12305580816412852], [0.11856510141200766, 0.1695234114475227, 0.010342194026961344, 0.10926033467425335, 0.28946085402688665, -0.006046709738172385, -0.07121005491768938, -0.05949247061713817], [-0.001926342543442229, 0.010342194026961344, 0.010100599928091827, -0.046818677548072736, 0.02440561660013564, 0.041390845741475876, -0.015349956210242759, 0.011632129808491449], [-0.2565037457024143, 0.10926033467425336, -0.046818677548072736, 1.0380729096654495, 0.46768743565187715, -0.40414705531039186, 0.062127514910898164, -0.12235140919046623], [-0.10097447517602509, 0.28946085402688665, 0.024405616600135644, 0.46768743565187704, 0.8837041272360406, -0.030789121517375003, -0.17278492009682234, -0.002367387375089929], [0.061968015659123125, -0.006046709738172382, 0.04139084574147587, -0.40414705531039186, -0.030789121517374996, 0.3156546612740844, -0.09429597724489609, 0.06699212389371055], [-0.05106480123173007, -0.07121005491768938, -0.015349956210242759, 0.062127514910898164, -0.1727849200968223, -0.09429597724489608, 0.08634324684123366, 0.016620663662176238], [-0.12305580816412852, -0.05949247061713818, 0.011632129808491449, -0.12235140919046623, -0.0023673873750899386, 0.06699212389371055, 0.016620663662176238, 0.21941062335198513]], [[0.025324829834822617, -0.010056655402509485, 0.008295566427107779, -0.08423442950856538, 0.02583268890924636, -0.024934074519118526, -0.01266608065568459, 0.006352009484816715], [-0.010056655402509487, 0.036829523846619576, -0.016772436808825335, 0.05655451908052425, -0.04338519648852251, 0.0010738329860534416, -0.019058120977545216, -0.0031742315634893095], [0.00829556642710778, -0.016772436808825335, 0.021406200721007337, -0.102449471575146, 0.03494820508441309, -0.014506202949348247, 0.014508111044118305, -0.006736811659025344], [-0.08423442950856538, 0.05655451908052425, -0.102449471575146, 0.6661837831125617, -0.18134425086718245, 0.13942579195659496, -0.003231468820083102, 0.026417837948749252], [0.02583268890924636, -0.04338519648852251, 0.03494820508441309, -0.18134425086718245, 0.08445313122634533, -0.01891581204478425, 0.006867538546467169, -0.014235574416384629], [-0.024934074519118526, 0.0010738329860534414, -0.014506202949348243, 0.13942579195659496, -0.01891581204478425, 0.05455518121109138, 0.0021496042675537524, -0.0143811336012618], [-0.012666080655684588, -0.019058120977545216, 0.014508111044118305, -0.0032314688200831025, 0.00686753854646717, 0.002149604267553756, 0.05156864500620916, 0.00800452436641657], [0.006352009484816713, -0.003174231563489309, -0.006736811659025344, 0.026417837948749256, -0.014235574416384629, -0.014381133601261802, 0.008004524366416571, 0.025257832801406466]]]}