{"weights": [0.08736454842008905, 0.25152700638497627, 0.299988261203824, 0.11112514206551502, 0.08907075388145651, 0.1609242880441392], "means": [[3.711594314939428, 0.46657369225686435, -0.38252160020677983, 0.1338683020233123, -0.029328284878420034, -0.08721358708778462, 0.061113925201277605, -0.01837607981020995], [1.0718811345445425, 0.5601748249865123, -0.5271903134773325, 0.0008527993408547877, 0.03815725669668315, 0.04137169587991686, -0.014596325356001116, 0.009089952773573547], [-3.930098625690724, -0.4461040963671445, 0.1000631651123161, 0.023387894363338175, 0.023349919080271554, -0.009605789488237213, 0.0076559216545583515, 0.003491629544521636], [-2.672273655310511, -0.023009559289754056, -0.21406979545653562, -0.08106753317507381, -0.10339203369589245, -0.007480486528496583, -0.01775303476429991, -0.019029553928819498], [-0.744482643404616, 1.440184148338015, 1.0707454813486992, -0.011563323765820017, -0.0009610874661945888, 0.004052933262964901, -0.006164599604895649, -0.0017924648023463895], [6.850640850046073, -0.6512149252869963, 0.28952423179718173, -0.03712777654232073, -0.001382460080634791, 0.007495033764419375, -0.006879268698165758, 0.0022873088824940727]], "cov": [[[0.12965128416724916, -0.01487302062980828, 0.023511969384434644, -0.0065588262449765445, -0.0045203611873331, 0.00033385616422063703, 0.0071903126411980815, 0.00037428240696031005], [-0.014873020629808279, 0.0026156080213937992, -0.0011772171940694473, -0.00042206904570804663, 0.0011629052517861463, 0.00012493072730926252, -0.0009909253696361474, -0.00013165838060641178], [0.023511969384434644, -0.0011772171940694473, 0.007414724672375868, -0.0033842634188823483, -0.0001449867126916808, 0.000582636157669908, 0.0007164279799872974, 0.00010660350673474853], [-0.0065588262449765445, -0.00042206904570804663, -0.0033842634188823483, 0.002707830643761448, -0.0011865852920657368, -0.0005208719226847611, 0.00010787987700353457, 0.0004904844218589902], [-0.0045203611873331, 0.0011629052517861463, -0.00014498671269168081, -0.0011865852920657368, 0.0027770206111722793, -0.0002251115345334964, -0.00048150847574801776, -0.0010307396818154126], [0.000333856164220637, 0.00012493072730926255, 0.000582636157669908, -0.0005208719226847611, -0.0002251115345334964, 0.0012201257389471496, 0.0003155510867372555, -0.0005132061533533781], [0.0071903126411980815, -0.0009909253696361474, 0.0007164279799872976, 0.00010787987700353463, -0.00048150847574801787, 0.0003155510867372555, 0.000885334307652191, -0.00010742726243387145], [0.00037428240696031, -0.00013165838060641183, 0.00010660350673474845, 0.0004904844218589904, -0.0010307396818154126, -0.0005132061533533781, -0.00010742726243387144, 0.0010700325617266206]], [[0.21374952314292772, 0.002461774990117402, 0.01954986786771581, 0.019399180827635566, -0.008952837784606486, 0.014046335416789155, -0.007018367383971794, -0.001787278153632118], [0.002461774990117402, 0.0012789377382188968, 0.0006668460428748842, -0.00014665593112194125, -0.0012820970142206783, -0.00093227364220033, 7.910554773986355e-05, 7.476472189838617e-05], [0.019549867867715814, 0.0006668460428748843, 0.004413864315249224, 0.0021538047434156884, -0.0015195670081284553, 0.0022554306003492136, -0.0018345264520260142, 0.00045357833766213854], [0.019399180827635566, -0.00014665593112194123, 0.0021538047434156884, 0.004193287880430394, -0.001912015432453856, 0.0020525311705793664, -0.0012978079720532183, -0.0007031470765158518], [-0.008952837784606487, -0.0012820970142206783, -0.001519567008128455, -0.0019120154324538563, 0.0038051746463043557, -0.00025957150202867747, -0.00034013190585859747, 0.00059868646284753], [0.014046335416789157, -0.00093227364220033, 0.0022554306003492136, 0.0020525311705793664, -0.00025957150202867747, 0.004494927073890024, 0.0004779444096246775, -0.00033807064361459835], [-0.007018367383971794, 7.910554773986358e-05, -0.0018345264520260142, -0.0012978079720532183, -0.0003401319058585975, 0.0004779444096246776, 0.0031493475839215294, -0.000347891366977293], [-0.0017872781536321183, 7.476472189838614e-05, 0.00045357833766213854, -0.0007031470765158518, 0.0005986864628475301, -0.00033807064361459835, -0.000347891366977293, 0.001726051886104721]], [[0.043622868826661075, 0.018138245952273858, -0.01576746588017965, -0.03954006786608539, -0.005872263404341798, -0.0012685053841957367, 0.0005824435387543229, 0.00032012580994041214], [0.018138245952273858, 0.009352618617132312, -0.005287105928482716, -0.016518125573559053, -0.001839278911260311, -0.0009212865194955962, 0.0012707538273021987, 0.0002698317690195575], [-0.015767465880179653, -0.005287105928482716, 0.007093631114818691, 0.016249435559255253, 0.0013769951000284246, 0.0002998128888171938, 0.0002465832224011286, 0.00024178267890285907], [-0.039540067866085396, -0.016518125573559053, 0.016249435559255253, 0.05143040871194712, 0.0005102517297515187, 0.0013136671382852087, -0.001425712748913339, 0.0009136614420474393], [-0.005872263404341799, -0.0018392789112603115, 0.0013769951000284246, 0.0005102517297515188, 0.010504464997329146, -0.0003777413986435934, 0.0008916403287313079, -0.0008376329872938295], [-0.0012685053841957367, -0.0009212865194955964, 0.00029981288881719356, 0.0013136671382852087, -0.00037774139864359336, 0.00200484312889441, 0.0011648957442672496, -0.00038087834954877216], [0.0005824435387543229, 0.0012707538273021987, 0.00024658322240112863, -0.001425712748913339, 0.0008916403287313079, 0.0011648957442672496, 0.002127003625546225, 0.00022635710731620586], [0.00032012580994041204, 0.0002698317690195574, 0.00024178267890285904, 0.0009136614420474391, -0.0008376329872938295, -0.0003808783495487724, 0.0002263571073162057, 0.0035398653065496955]], [[0.04022117614836448, 0.0126039199514488, -0.008260344870280049, 0.005729993397338266, -0.0035723934397485597, -0.002471059489946326, -0.0014936992132865898, -0.004413641787356132], [0.0126039199514488, 0.004312062676399619, -0.0022326638185071065, 0.0016213961154586715, -0.0015387823367104165, -0.00048094219699641657, -8.175521671856907e-05, -0.0011615441397932892], [-0.008260344870280049, -0.002232663818507106, 0.0029706388953616636, -0.00182521985030743, 0.0005983553235461468, 0.001056988917381891, -5.294925441463422e-06, 0.0014921165936378619], [0.005729993397338266, 0.0016213961154586715, -0.00182521985030743, 0.0018370515596846627, -0.0009665124320814233, -0.0006809637407630152, -0.00020502429788121158, -0.0016944925805395192], [-0.00357239343974856, -0.0015387823367104165, 0.0005983553235461466, -0.0009665124320814233, 0.0023601044266572035, -0.0006237325310408023, -0.0011084570998289491, 0.0010696298253816592], [-0.0024710594899463264, -0.00048094219699641657, 0.001056988917381891, -0.0006809637407630151, -0.0006237325310408023, 0.0015220233448196728, 0.0012778491332881045, 0.000419026461699807], [-0.0014936992132865898, -8.17552167185691e-05, -5.294925441463276e-06, -0.00020502429788121153, -0.001108457099828949, 0.0012778491332881043, 0.0022226996759075355, 0.0005169333243531537], [-0.004413641787356132, -0.0011615441397932892, 0.0014921165936378623, -0.0016944925805395192, 0.0010696298253816592, 0.0004190264616998071, 0.0005169333243531537, 0.003951536668842063]], [[0.22737655988031175, 0.015014188722153408, -0.04363754420291768, 0.011710422622603496, 0.022834508326996857, -0.010009971967773488, 0.0006560951114087347, -0.0038758941258403984], [0.015014188722153408, 0.0012392925969228802, -0.0025045170521878963, 0.0008381100020820609, 0.0015106420616670935, -0.00033124465473977364, 0.0001822582906622336, -0.0006945429561822151], [-0.04363754420291768, -0.0025045170521878963, 0.009064395781779078, -0.002130706925557829, -0.004487809650081413, 0.002197914871607335, -8.233523954720942e-05, 0.00014661293113049702], [0.011710422622603496, 0.0008381100020820609, -0.002130706925557829, 0.0012812906647672818, 0.0005891468151051662, -0.00036953234287160497, 2.111982437184254e-05, -0.0007018951467986847], [0.02283450832699686, 0.0015106420616670935, -0.004487809650081413, 0.0005891468151051664, 0.0035345213611869338, -0.0011958347110428364, -0.00024337929069909436, -0.0004590629826156832], [-0.01000997196777349, -0.00033124465473977364, 0.002197914871607335, -0.0003695323428716051, -0.0011958347110428362, 0.001783571259944133, 0.0009700194457278841, -0.0006782505556291235], [0.0006560951114087345, 0.00018225829066223357, -8.233523954720945e-05, 2.1119824371842513e-05, -0.00024337929069909422, 0.0009700194457278841, 0.0009099290793689201, -0.00018604275986842519], [-0.0038758941258403984, -0.000694542956182215, 0.00014661293113049705, -0.0007018951467986847, -0.0004590629826156831, -0.0006782505556291236, -0.0001860427598684253, 0.0028933004915870134]], [[0.0006806385700948275, 0.0003829710418958113, 0.0011048472508204828, -0.0003774320419247761, -8.784534718951376e-05, -6.045488245978955e-05, 3.3366112331586726e-05, -0.0001334094349569439], [0.00038297104189581127, 0.009524983711151135, 0.007086916333439102, -0.004398505825631248, 0.00035831927157432315, -0.002272812126688594, 0.004299578050007279, -0.000249207736466558], [0.0011048472508204828, 0.007086916333439102, 0.006566530105242313, -0.00368388479988418, 0.00023077489645687994, -0.0014284949771404263, 0.0030272341191973336, -0.0003671072754914011], [-0.0003774320419247762, -0.004398505825631248, -0.00368388479988418, 0.0022419672623443954, -0.00026050361272360166, 0.0009976452576543015, -0.0018789201498980834, 0.00013755248128987047], [-8.784534718951376e-05, 0.00035831927157432315, 0.00023077489645687994, -0.00026050361272360166, 0.0001934564244917724, -0.0001543396111327446, 6.0677687157560164e-05, -2.7383058739758786e-06], [-6.045488245978952e-05, -0.0022728121266885944, -0.0014284949771404265, 0.0009976452576543017, -0.0001543396111327446, 0.0009313623219043463, -0.0008805310493310093, -6.107411517828372e-05], [3.3366112331586726e-05, 0.004299578050007279, 0.0030272341191973336, -0.001878920149898083, 6.0677687157560164e-05, -0.0008805310493310094, 0.002102697470434268, -0.00010100660077801261], [-0.00013340943495694388, -0.000249207736466558, -0.0003671072754914011, 0.00013755248128987044, -2.738305873975869e-06, -6.10741151782837e-05, -0.00010100660077801261, 0.00022493417334134086]]]}