{"weights": [0.46561712374972175, 0.40702740802637166, 0.12735546822390656], "means": [[-2.1098656486892398, -0.5226711269417189, 0.036659177458159935, -0.021166209239018786, 0.007736244647741429, -9.229698134904109e-05, -0.007195484033462868, -0.005809893012162897], [4.011761882799457, -2.7142199107347778, -0.04618970054842599, 0.06808052681986686, -0.022451325782562703, -0.004302964371876549, -0.009997291991984764, -0.007677667634789898], [1.8181657444387564, 3.60911197704501, -0.051622290213668785, -0.0054709625357874875, -7.214546725919367e-05, 0.00389452151337706, 0.02637167499021808, 0.020957377120365474]], "cov": [[[0.02583372793164929, -0.01009567552398036, 0.005602788213615407, -0.05441536994919001, 0.017141519940513095, -0.015179974669801182, -0.009118655602886059, 0.005411423604602389], [-0.01009567552398036, 0.029966996209588224, -0.013939595566823868, 0.04174506751628917, -0.03055781719493972, 0.002151179685207652, -0.01924166627500758, -0.005683279719458953], [0.005602788213615407, -0.013939595566823868, 0.017815291252077217, -0.07162108015072038, 0.026670618756982716, -0.006705067107414733, 0.016863168762354476, -0.006014712638365829], [-0.05441536994919001, 0.04174506751628917, -0.07162108015072038, 0.39373357805045844, -0.11819256206937478, 0.06415274157536778, -0.02270574227541663, 0.024476254013608242], [0.017141519940513095, -0.03055781719493972, 0.026670618756982716, -0.11819256206937478, 0.05841369063399966, -0.0077378758736685194, 0.010368801127737599, -0.012172469654776613], [-0.015179974669801182, 0.002151179685207652, -0.006705067107414733, 0.06415274157536778, -0.0077378758736685194, 0.030081761735352458, -0.003601000433459524, -0.013227487758636485], [-0.009118655602886059, -0.01924166627500758, 0.016863168762354476, -0.02270574227541663, 0.010368801127737599, -0.003601000433459524, 0.05156624315281473, 0.00868647734424921], [0.005411423604602389, -0.005683279719458953, -0.006014712638365829, 0.024476254013608242, -0.012172469654776613, -0.013227487758636485, 0.00868647734424921, 0.02470553034245254]], [[11.721281500856817, -7.052935588523731, -0.6169630964192807, -1.9425554817360118, 0.4342755104696463, -0.5326945878605273, -0.1863583480527766, -0.06005134370971283], [-7.052935588523731, 11.904466254303786, 2.6259989883704473, 0.7026072172247086, -0.018604972233297937, 0.255244356929491, 0.21851470424429892, -0.0008161873183280083], [-0.6169630964192807, 2.6259989883704473, 2.0680151032579355, 0.050647360294223315, -0.02951937281394659, 0.011727873048944147, -0.031256875076715734, 0.014856202633792346], [-1.9425554817360118, 0.7026072172247086, 0.050647360294223315, 0.9821084101539839, 0.1565309070796203, -0.07487986965517571, 0.041571492473748875, -0.033719150817387945], [0.4342755104696463, -0.018604972233297937, -0.02951937281394659, 0.1565309070796203, 0.5716852601248327, -0.011164039705286967, -0.05191571910268514, 0.013678172938515209], [-0.5326945878605273, 0.255244356929491, 0.011727873048944147, -0.07487986965517571, -0.011164039705286967, 0.2060794559361274, -0.02256013488972925, 0.02504686649834553], [-0.1863583480527766, 0.21851470424429892, -0.031256875076715734, 0.041571492473748875, -0.05191571910268514, -0.02256013488972925, 0.10604170763677198, 0.007139540357616892], [-0.06005134370971283, -0.0008161873183280083, 0.014856202633792346, -0.033719150817387945, 0.013678172938515209, 0.02504686649834553, 0.007139540357616892, 0.1275609994107748]], [[0.08265717175838416, -0.04045640820336423, 0.2206715653417866, 0.029448525227877727, 0.0898435500326088, 0.006049412465134197, 0.019424524978509695, 0.028764574640978258], [-0.04045640820336423, 0.08644675974106414, 0.11624590792206486, -0.016119315953210773, -0.07650408526653632, -0.0058311883981945764, -0.0056004781063630936, -0.011333344353216684], [0.2206715653417866, 0.11624590792206486, 2.2851689791624485, 0.09984015289271245, -0.00022794724819027843, 0.019863043944604968, 0.09187148892803337, 0.01478749226220563], [0.029448525227877727, -0.016119315953210773, 0.09984015289271245, 0.0625333027047696, -0.015736990416528703, -0.017358976027772147, -0.05644164661623988, 0.020686310975105045], [0.0898435500326088, -0.07650408526653632, -0.00022794724819027843, -0.015736990416528703, 0.237606969711182, 0.07220047502716105, 0.13245413665378108, 0.0018692313178996646], [0.006049412465134197, -0.0058311883981945764, 0.019863043944604968, -0.017358976027772147, 0.07220047502716105, 0.05176066825806168, 0.08819047780332893, -0.030199046997258592], [0.019424524978509695, -0.0056004781063630936, 0.09187148892803337, -0.05644164661623988, 0.13245413665378108, 0.08819047780332893, 0.20214521767431548, -0.0524087772568936], [0.028764574640978258, -0.011333344353216684, 0.01478749226220563, 0.020686310975105045, 0.0018692313178996646, -0.030199046997258592, -0.0524087772568936, 0.03710183165177121]]]}