{"weights": [0.0831099244917155, 0.09919575064130678, 0.24664872303596924, 0.1635388961376879, 0.1528150035634702, 0.10991959482886572, 0.1447721073009845], "means": [[7.502849527487457, -0.9119035434179895, 0.6835684884430397, -0.09168888317197335, -0.03983756327354628, -0.03652091584997211, 0.007236494491986521, -0.0046062097709619505, 0.010394172037113654, 0.018588603055420115], [-3.4334761878059057, -0.49261437172227407, 0.18248344876766046, 0.11215842569447891, 0.23401359783879488, 0.0451532135718874, 0.020117939536625475, -0.00011265084637934768, 0.0119938582472089, 0.035458996714654155], [-2.6314760243395203, -0.29690224672947113, -0.12806194293876225, -0.17430648194721435, -0.06403272083332806, 0.015569521213725929, -0.007026735284669494, -0.0004188007103355979, 0.004107668465542005, -0.003567303300455357], [0.4836681220001819, 0.12811395379156176, -0.5733230403145553, 0.0015951867346840451, -0.02143621029909814, -0.036014471501938504, 2.4969524224554327e-05, -0.007358144901647807, 0.008188614098297263, 0.017326472239947852], [4.142953115641383, 0.10557597842237747, -0.35772904311917353, 0.11891107398174573, 0.03994102055722943, 0.03373241823821955, 0.0014386599661251477, 0.005494558184381594, -0.020292696146629593, -0.02267886152012775], [0.644111604721185, 1.4261659661227202, 0.4609897459539342, -0.11641222413345469, 0.026569452007802065, 0.01763313744272507, -0.00018269634771348888, -0.003218364889355442, 0.004192502402211764, 0.008501453168106106], [-2.8799003421857985, 0.027873143921032212, 0.37596042233117244, 0.23382129325736464, -0.06649834283916335, -0.04481000535390108, -0.007375410685787053, 0.008390747676070419, -0.012196523775325091, -0.030978111737638453]], "covariances": [[[0.0005783809549535801, 0.0008042069667508301, 0.000808613937117608, -0.00040133402553420983, -0.0002995977640941256, 0.0002382530001933822, -8.738261881174838e-05, -6.806788697384009e-05, -0.00011589153458433202, 9.746031710597689e-05], [0.0008042069667508301, 0.011267327248970607, 0.0038275651967839713, -0.00488111859119837, -0.0023707607546541655, 0.004567877537415146, -0.00047509142041684334, 0.0004110138411239921, -1.0364228491103565e-05, 0.0011382578546795489], [0.000808613937117608, 0.0038275651967839713, 0.0020834692065591263, -0.0018496722041236975, -0.0009655292152920958, 0.001334879353793181, -8.892010020760917e-05, -2.094939440313811e-05, -0.00013631344272136472, 0.00046987702289337486], [-0.00040133402553420983, -0.00488111859119837, -0.0018496722041236975, 0.0023069981463976416, 0.0010142006707584213, -0.001842664635036282, 0.00023717212180010747, -0.00012583913900978061, -1.6590764774713222e-05, -0.000534799196213321], [-0.0002995977640941256, -0.0023707607546541655, -0.0009655292152920958, 0.0010142006707584213, 0.0005674072740973778, -0.0009554753474085757, 4.1436845815964286e-05, -7.428216249211227e-05, 5.189638974955543e-05, -0.0002851486619945609], [0.0002382530001933822, 0.004567877537415146, 0.001334879353793181, -0.001842664635036282, -0.0009554753474085757, 0.0019781972233247716, -0.00017827119463174093, 0.0002172807895011764, -2.4741825986925093e-05, 0.0004482380188529228], [-8.738261881174838e-05, -0.00047509142041684334, -8.892010020760917e-05, 0.00023717212180010747, 4.1436845815964286e-05, -0.00017827119463174093, 0.000438584667316732, -0.00011837231571828845, -7.903424703345703e-05, 4.986988050472237e-06], [-6.806788697384009e-05, 0.0004110138411239921, -2.094939440313811e-05, -0.00012583913900978061, -7.428216249211227e-05, 0.0002172807895011764, -0.00011837231571828845, 0.00015845166724205546, 4.391907342043728e-05, 9.360111006389759e-05], [-0.00011589153458433202, -1.0364228491103565e-05, -0.00013631344272136472, -1.6590764774713222e-05, 5.189638974955543e-05, -2.4741825986925093e-05, -7.903424703345703e-05, 4.391907342043728e-05, 0.00023271399195483084, -6.372008795195203e-05], [9.746031710597689e-05, 0.0011382578546795489, 0.00046987702289337486, -0.000534799196213321, -0.0002851486619945609, 0.0004482380188529228, 4.986988050472237e-06, 9.360111006389759e-05, -6.372008795195203e-05, 0.0002471941737151369]], [[0.0023770270171081876, 0.0014933157983008686, 0.0006597640445087095, 0.0023750382333251503, -0.0003348733730918005, -0.0005379907146493423, -0.0005902131324472159, -0.00010952724725233036, 0.00011952871986591133, 0.00012097459467544143], [0.0014933157983008686, 0.0030059212055859874, 0.0003697321674476837, -0.003056091520619415, 0.0009837142858602848, 0.00045628428699304066, -0.0003027047325119702, -0.00022157412833413804, 0.000281241973985101, 0.0008955447154697263], [0.0006597640445087095, 0.0003697321674476837, 0.0004935202012259172, 0.0019472321855769272, 0.00030033462662161487, -0.00021795427346749457, -6.189863876709938e-05, -0.00038411834374236473, 4.8579182805243176e-05, -0.00011885669865269272], [0.0023750382333251503, -0.003056091520619415, 0.0019472321855769272, 0.020216234178659986, 0.00022999503769689726, -0.0016402254700514584, 0.0009718783472809327, -0.0012956098796714796, 9.475253878683126e-05, -0.0018868593056498555], [-0.0003348733730918005, 0.0009837142858602848, 0.00030033462662161487, 0.00022999503769689726, 0.008421326056269916, 0.00029066042556924937, -0.00019686891272929376, -0.0008093332427043782, 0.001178776148935005, 0.0017114013655456209], [-0.0005379907146493423, 0.00045628428699304066, -0.00021795427346749457, -0.0016402254700514584, 0.00029066042556924937, 0.0008367222154644829, 0.0009418427032464204, -0.00015830767420421763, -5.90620497703088e-05, 0.0003513938221393865], [-0.0005902131324472159, -0.0003027047325119702, -6.189863876709938e-05, 0.0009718783472809327, -0.00019686891272929376, 0.0009418427032464204, 0.0023352894196485064, -0.0005789610099320801, -0.0003322398068024364, -1.9802662135355603e-05], [-0.00010952724725233036, -0.00022157412833413804, -0.00038411834374236473, -0.0012956098796714796, -0.0008093332427043782, -0.00015830767420421763, -0.0005789610099320801, 0.002485148166029839, 0.00030172354171954536, 0.00023687694205122613], [0.00011952871986591133, 0.000281241973985101, 4.8579182805243176e-05, 9.475253878683126e-05, 0.001178776148935005, -5.90620497703088e-05, -0.0003322398068024364, 0.00030172354171954536, 0.0013840210192843467, -0.0001245437984359714], [0.00012097459467544143, 0.0008955447154697263, -0.00011885669865269272, -0.0018868593056498555, 0.0017114013655456209, 0.0003513938221393865, -1.9802662135355603e-05, 0.00023687694205122613, -0.0001245437984359714, 0.0011151979267148403]], [[0.2769919427386482, 0.06642774911814803, -0.06212457363002706, 0.06224842276721593, -0.01763244301416275, -0.004295231838347924, 0.0004381210990318933, -0.006158875700214776, 0.01600849001255825, 0.013083946719610872], [0.06642774911814803, 0.01695907819700631, -0.01457550728145974, 0.015360695381753647, -0.005528751637002649, -0.00022550220552984223, 0.0006254196250203429, -0.001182082716056527, 0.0036540257037206364, 0.003193068676532202], [-0.06212457363002706, -0.01457550728145974, 0.0143501650939054, -0.013063905168307204, 0.0034434232666679765, 0.0010398066341315124, 4.806979249736778e-05, 0.001507765984510476, -0.00339458209845865, -0.0028846455066165325], [0.06224842276721593, 0.015360695381753647, -0.013063905168307204, 0.0210328874241002, -0.006281754296201276, -8.617206007121443e-05, 5.778677838594282e-05, -0.0009860415759415765, 0.003876427794712833, 0.003983148245227192], [-0.01763244301416275, -0.005528751637002649, 0.0034434232666679765, -0.006281754296201276, 0.004250775077213038, -0.0011947510047280985, -0.001075784756460196, -0.00032708357285202833, -0.0009718331400351669, -0.0013253258279341345], [-0.004295231838347924, -0.00022550220552984223, 0.0010398066341315124, -8.617206007121443e-05, -0.0011947510047280985, 0.0012017697863567793, 0.0008598251791618325, 0.00020006748704254676, -0.0005504150479697712, -1.1064995604127294e-05], [0.0004381210990318933, 0.0006254196250203429, 4.806979249736778e-05, 5.778677838594282e-05, -0.001075784756460196, 0.0008598251791618325, 0.0034489130702826656, -0.00015224881434195957, 0.00034648726836141694, -0.0005390393359174968], [-0.006158875700214776, -0.001182082716056527, 0.001507765984510476, -0.0009860415759415765, -0.00032708357285202833, 0.00020006748704254676, -0.00015224881434195957, 0.0028416746628207104, -0.00018220831163341786, 0.00019949324236004414], [0.01600849001255825, 0.0036540257037206364, -0.00339458209845865, 0.003876427794712833, -0.0009718331400351669, -0.0005504150479697712, 0.00034648726836141694, -0.00018220831163341786, 0.0035001442865880976, -2.8001978364953043e-05], [0.013083946719610872, 0.003193068676532202, -0.0028846455066165325, 0.003983148245227192, -0.0013253258279341345, -1.1064995604127294e-05, -0.0005390393359174968, 0.00019949324236004414, -2.8001978364953043e-05, 0.001511041429848863]], [[1.8102208744950217, 0.20909899171359841, -0.18695207907746392, 0.005467344831651625, 0.04965746616782068, -0.03953757130832072, 0.007310884194288202, 0.023366082550077858, -0.0009192141904074493, -0.0039129450878313335], [0.20909899171359841, 0.027366935136497027, -0.021017238681028217, 0.003384967618785922, 0.002184259133493653, -0.0034251726992034375, 0.0008378346440329099, 0.0016917488472375664, 0.000508260473921632, 0.0010791616893421367], [-0.18695207907746392, -0.021017238681028217, 0.02010565921936473, 0.0006867133488306555, -0.006158275153538545, 0.004407510344947386, -0.000989545089678991, -0.0029187313746081023, 0.0003470452988219748, 0.00063958332975969], [0.005467344831651625, 0.003384967618785922, 0.0006867133488306555, 0.0047934052594502665, -0.0036030467463273328, 0.0012099230419131159, 0.0002641636664899094, -0.0014450087029710427, 0.0005764069973219284, 0.0014074859378543846], [0.04965746616782068, 0.002184259133493653, -0.006158275153538545, -0.0036030467463273328, 0.006125788222160784, -0.0026781730050036553, 6.123688491806252e-06, 0.002145875075666061, -0.0011434569324921477, -0.0018965623045447601], [-0.03953757130832072, -0.0034251726992034375, 0.004407510344947386, 0.0012099230419131159, -0.0026781730050036553, 0.0017664674168716304, 0.0002632564613142452, -0.0009303190656024199, 0.00054349563897592, 0.0005200617473732096], [0.007310884194288202, 0.0008378346440329099, -0.000989545089678991, 0.0002641636664899094, 6.123688491806252e-06, 0.0002632564613142452, 0.0034867758300139284, 0.0007052196522151574, 0.00029655011702624744, -0.00024684772192291464], [0.023366082550077858, 0.0016917488472375664, -0.0029187313746081023, -0.0014450087029710427, 0.002145875075666061, -0.0009303190656024199, 0.0007052196522151574, 0.0030619859780927775, 0.0004045995466629043, -0.000506092656067759], [-0.0009192141904074493, 0.000508260473921632, 0.0003470452988219748, 0.0005764069973219284, -0.0011434569324921477, 0.00054349563897592, 0.00029655011702624744, 0.0004045995466629043, 0.0016436867985870325, 0.00012142496828220094], [-0.0039129450878313335, 0.0010791616893421367, 0.00063958332975969, 0.0014074859378543846, -0.0018965623045447601, 0.0005200617473732096, -0.00024684772192291464, -0.000506092656067759, 0.00012142496828220094, 0.0011950137215934462]], [[0.9023763590217317, -0.06402721017451682, 0.08221255504520979, 0.03957839729799156, -0.025101477572195302, 0.09829262257831152, -0.04359308124478153, -0.003992919999229362, 0.013038159380606948, -0.01373929624271432], [-0.06402721017451682, 0.01011182436706707, -0.002246850617440264, -0.007478349496659294, 0.0019578742176080363, -0.00846160848492663, 0.0028189337494380585, -0.00026671478619798197, -0.0007737086952960804, 0.0019732042197541082], [0.08221255504520979, -0.002246850617440264, 0.011809883442078662, 0.00020640010057166583, -0.003430324708028742, 0.007417607050978939, -0.00387619104489851, -0.0006302454680512815, 0.0012414159003045042, 2.507612609121483e-05], [0.03957839729799156, -0.007478349496659294, 0.00020640010057166583, 0.00895276277270794, -0.0030190549228344184, 0.006783039970625017, -0.0021453669531038737, 0.0005113353371309306, 0.0004481108782070526, -0.0007298311837576084], [-0.025101477572195302, 0.0019578742176080363, -0.003430324708028742, -0.0030190549228344184, 0.00377744687356444, -0.0027979436913375577, 0.0009177140326429886, -0.00030876807878397534, -0.00025878523561100996, -0.0008658777831970137], [0.09829262257831152, -0.00846160848492663, 0.007417607050978939, 0.006783039970625017, -0.0027979436913375577, 0.01218286312724537, -0.004929508475586605, -0.0003788275306291195, 0.0013816764517839478, -0.00176315744830316], [-0.04359308124478153, 0.0028189337494380585, -0.00387619104489851, -0.0021453669531038737, 0.0009177140326429886, -0.004929508475586605, 0.0038356463776497503, 0.0003852771159142327, -0.0007118812164618792, 0.0005329859662135984], [-0.003992919999229362, -0.00026671478619798197, -0.0006302454680512815, 0.0005113353371309306, -0.00030876807878397534, -0.0003788275306291195, 0.0003852771159142327, 0.0009412039483577142, -3.997664494872932e-05, 0.00014040415482858873], [0.013038159380606948, -0.0007737086952960804, 0.0012414159003045042, 0.0004481108782070526, -0.00025878523561100996, 0.0013816764517839478, -0.0007118812164618792, -3.997664494872932e-05, 0.0007474404736294495, -0.00042775951114160717], [-0.01373929624271432, 0.0019732042197541082, 2.507612609121483e-05, -0.0007298311837576084, -0.0008658777831970137, -0.00176315744830316, 0.0005329859662135984, 0.00014040415482858873, -0.00042775951114160717, 0.0012294295603474928]], [[1.6457487894893137, -0.014098424152899181, -0.17075239811537762, -0.10041084695374533, 0.09107258139577679, 0.023939106842184418, -0.00806806433681513, 0.015627930875365917, 0.009448485843028528, -0.02723747335245327], [-0.014098424152899181, 0.04594454351299335, 0.01579936126899113, -0.018066776352348886, 0.00862944784952706, -0.003044971001958653, 0.0019123657274160142, 0.0010785059587611768, 0.0021358773650828945, 0.0005193508633374424], [-0.17075239811537762, 0.01579936126899113, 0.024334173953290638, 0.0023926204475402655, -0.006672826731598195, -0.003660907413223225, 0.0022910315768067194, -0.001944743469321151, 3.4874136840113004e-05, 0.0031063920777842625], [-0.10041084695374533, -0.018066776352348886, 0.0023926204475402655, 0.02459296468131195, -0.012226938591510694, 0.0016401724629655882, -0.001349013796378573, -0.00011024155696042779, -0.002044301649259473, 0.0016095785789204094], [0.09107258139577679, 0.00862944784952706, -0.006672826731598195, -0.012226938591510694, 0.008909345911784479, -0.00016854495733507026, -0.00021420840792232831, 0.0004545548741793073, 0.0003525398228675098, -0.0014871797245956154], [0.023939106842184418, -0.003044971001958653, -0.003660907413223225, 0.0016401724629655882, -0.00016854495733507026, 0.0016234361455154424, 0.00028146301079876767, 0.0004929104099862726, 2.8771091162081088e-05, -0.0004797666270395294], [-0.00806806433681513, 0.0019123657274160142, 0.0022910315768067194, -0.001349013796378573, -0.00021420840792232831, 0.00028146301079876767, 0.003921097818061079, -0.000462973461582133, 0.00015700162140411361, -0.0005974112517985534], [0.015627930875365917, 0.0010785059587611768, -0.001944743469321151, -0.00011024155696042779, 0.0004545548741793073, 0.0004929104099862726, -0.000462973461582133, 0.002293011848813714, 0.0003925066244792263, 6.477271777003131e-05], [0.009448485843028528, 0.0021358773650828945, 3.4874136840113004e-05, -0.002044301649259473, 0.0003525398228675098, 2.8771091162081088e-05, 0.00015700162140411361, 0.0003925066244792263, 0.0013588686534953811, -0.0003190674503874407], [-0.02723747335245327, 0.0005193508633374424, 0.0031063920777842625, 0.0016095785789204094, -0.0014871797245956154, -0.0004797666270395294, -0.0005974112517985534, 6.477271777003131e-05, -0.0003190674503874407, 0.001187123038121339]], [[0.022522205774869068, 0.016287787013525276, 0.004805188843891895, 0.007586011718922394, -0.0007154776464887972, -0.0018966500105237645, 0.0007912604149041533, -1.1345675540772333e-05, 0.0017685800693376201, 0.0008742059136723715], [0.016287787013525276, 0.014322871483165911, 0.004348718620627446, 0.004256222107608524, -0.0035029345061495373, 0.00016776975553565686, 0.0013045189011104625, 0.0005238084933043748, 0.0006527587567647218, 0.0011696094218196366], [0.004805188843891895, 0.004348718620627446, 0.0017072267347441612, 0.001873314967191569, -0.0005717168757483752, -0.00024681241528194073, -1.0623731722276681e-05, 0.00015680358152586458, 0.00017582649087738265, 0.0004410109165627383], [0.007586011718922394, 0.004256222107608524, 0.001873314967191569, 0.009183560344196207, 0.00032894226242329824, -0.0003451792341730622, 0.00036578025314724406, 0.0005352143910481783, 0.00036826893196734996, 0.0007763027253987726], [-0.0007154776464887972, -0.0035029345061495373, -0.0005717168757483752, 0.00032894226242329824, 0.007349501965409699, -0.003514886775756927, -0.0032427048267252285, -0.0012087081422352253, 0.0010363215735860929, -0.001070854757218104], [-0.0018966500105237645, 0.00016776975553565686, -0.00024681241528194073, -0.0003451792341730622, -0.003514886775756927, 0.0023257186034914053, 0.0020218381626911325, 0.0005615278821953343, -0.0009108896707415247, 0.0005564263294448291], [0.0007912604149041533, 0.0013045189011104625, -1.0623731722276681e-05, 0.00036578025314724406, -0.0032427048267252285, 0.0020218381626911325, 0.00472834840326433, -5.8787548472931255e-05, -0.000238183438820277, 0.0002968496829093995], [-1.1345675540772333e-05, 0.0005238084933043748, 0.00015680358152586458, 0.0005352143910481783, -0.0012087081422352253, 0.0005615278821953343, -5.8787548472931255e-05, 0.0012008475101667295, -0.00030470296876379386, 0.0004239972305132357], [0.0017685800693376201, 0.0006527587567647218, 0.00017582649087738265, 0.00036826893196734996, 0.0010363215735860929, -0.0009108896707415247, -0.000238183438820277, -0.00030470296876379386, 0.0014331179623738404, -0.0007020615850366281], [0.0008742059136723715, 0.0011696094218196366, 0.0004410109165627383, 0.0007763027253987726, -0.001070854757218104, 0.0005564263294448291, 0.0002968496829093995, 0.0004239972305132357, -0.0007020615850366281, 0.000688872290059021]]]}