{"weights": [0.2452095894308802, 0.27714995302518647, 0.2735772496025724, 0.20406320794136096], "means": [[-1.9977576159063413, -0.6038535413186376, 0.14557893969299243, -0.6520391378832232, 0.20921822299176357, -0.11774148987602047, 0.007895391473745163, -0.022990655391648046], [-2.1684484347120945, -0.444563457617887, -0.03602607905540315, 0.29427340342299224, -0.1360855832082717, 0.022080763758492775, -0.04410338056645428, 0.01561184901493595], [2.6453456945715863, -1.6334601231634864, 0.2738434395466971, 0.3107216010497817, -0.04925661668172743, 0.08571828137712857, 0.024205390692561578, 0.002888612591136869], [1.799189138168433, 3.5192965719501568, -0.4931318190186715, -0.03272501553175487, -0.0005425370515964748, -0.003424977553829445, 0.017961003241692253, 0.002550421830602968]], "cov": [[[0.011663471392681575, -0.003093002860494997, -0.007288206145136571, 0.01004122739890263, -0.0016296319354012403, -0.006315798660030756, -0.015002234190649983, 0.011598630074960493], [-0.003093002860494997, 0.0276451849905382, -0.008206487953224505, 0.005187752214785889, -0.021368012833205028, -0.005970776460142506, -0.018744348143175632, -0.0073334909581904695], [-0.007288206145136571, -0.008206487953224505, 0.009402966445750399, -0.012477006047768363, 0.010633055374105775, 0.00752533336084504, 0.018255763942089664, -0.007182000965812685], [0.01004122739890263, 0.005187752214785889, -0.012477006047768363, 0.023370020991964335, -0.012717948660515465, -0.011530988496854508, -0.01863172951874552, 0.015328125398977877], [-0.0016296319354012403, -0.021368012833205028, 0.010633055374105775, -0.012717948660515465, 0.029428884869516614, 0.01444112880811742, 0.011974065025888402, -0.009983497073207705], [-0.006315798660030756, -0.005970776460142506, 0.00752533336084504, -0.011530988496854508, 0.01444112880811742, 0.01658256454161373, 0.003835404479679424, -0.01716340073999368], [-0.015002234190649983, -0.018744348143175632, 0.018255763942089664, -0.01863172951874552, 0.011974065025888402, 0.003835404479679424, 0.052109541592782464, 0.0012391803896677812], [0.011598630074960493, -0.0073334909581904695, -0.007182000965812685, 0.015328125398977877, -0.009983497073207705, -0.01716340073999368, 0.0012391803896677812, 0.027897403019391927]], [[0.03286648503668016, -0.01006314807863579, 0.006332721523143243, -0.0590456402003739, 0.01576237245401469, -0.015452545978257183, -0.006925790412416763, 0.002142828376395121], [-0.01006314807863579, 0.027376419367474217, -0.012319918132921305, 0.04985873253250588, -0.02955446657967734, 0.0076903173887027144, -0.015533907772643542, -0.004579637043368008], [0.006332721523143243, -0.012319918132921305, 0.014689804062991089, -0.08046742001309269, 0.025605859261176325, -0.014586521013837101, 0.009064903102259731, -0.0030504572908353245], [-0.0590456402003739, 0.04985873253250588, -0.08046742001309269, 0.5592819972000846, -0.154472481133364, 0.11362531497582246, 0.004328796958348343, 0.029515309170277938], [0.01576237245401469, -0.02955446657967734, 0.025605859261176325, -0.154472481133364, 0.06357414858615279, -0.022001618139318176, -0.0004850759340361377, -0.01252420640022141], [-0.015452545978257183, 0.0076903173887027144, -0.014586521013837101, 0.11362531497582246, -0.022001618139318176, 0.039920038236490554, -0.007262234666479257, -0.0098575554107264], [-0.006925790412416763, -0.015533907772643542, 0.009064903102259731, 0.004328796958348343, -0.0004850759340361377, -0.007262234666479257, 0.046807444370594996, 0.018243086529780697], [0.002142828376395121, -0.004579637043368008, -0.0030504572908353245, 0.029515309170277938, -0.01252420640022141, -0.0098575554107264, 0.018243086529780697, 0.021853943681650015]], [[6.231052178315369, -2.261735851137389, -0.11353366466110273, -1.316836246010477, 0.09468641110046302, -0.3636682594339661, -0.1561003201970287, -0.03548269906875113], [-2.261735851137389, 4.192126261014612, 1.718080055252331, 0.4370774508937361, 0.15976286856050428, 0.09048496777089539, 0.005140655192298087, -0.023667395460243733], [-0.11353366466110273, 1.718080055252331, 1.1159638083956984, -0.03641805890198061, 0.03629747906099368, 0.006054511452337215, -0.007909978599542556, 0.02152635361268223], [-1.316836246010477, 0.4370774508937361, -0.03641805890198061, 1.002187772716077, 0.3226054311567459, -0.19477929277602524, 0.06895966788463348, -0.0662967789948243], [0.09468641110046302, 0.15976286856050428, 0.03629747906099368, 0.3226054311567459, 0.7110842499285073, -0.007292743354311125, -0.10791127509920778, 0.03284364700185834], [-0.3636682594339661, 0.09048496777089539, 0.006054511452337215, -0.19477929277602524, -0.007292743354311125, 0.26793688158527285, -0.058541841192252225, 0.041101489057470804], [-0.1561003201970287, 0.005140655192298087, -0.007909978599542556, 0.06895966788463348, -0.10791127509920778, -0.058541841192252225, 0.08349310529107452, 0.012322243911486763], [-0.03548269906875113, -0.023667395460243733, 0.02152635361268223, -0.0662967789948243, 0.03284364700185834, 0.041101489057470804, 0.012322243911486763, 0.1691790769644378]], [[0.17285477685513745, -0.24814268430517528, 0.3117956730256559, 0.09184651253432874, 0.13073241691196302, 0.0006743351890771438, 0.007615020131943308, 0.006676680543346747], [-0.24814268430517528, 0.7127470928411842, 0.14229825511460636, -0.1597487815611839, -0.18468294407378197, 0.003086635809382561, 0.00562671311447011, 0.03685575103110218], [0.3117956730256559, 0.14229825511460636, 3.7211923880515165, 0.17135328761532911, -0.1216577739934283, -0.00883020618041604, -0.027212267041030205, -0.011103251261386522], [0.09184651253432874, -0.1597487815611839, 0.17135328761532911, 0.1243818740301633, 0.03139500719510545, -0.016230925232498895, -0.0616238996386165, 0.005002582898749], [0.13073241691196302, -0.18468294407378197, -0.1216577739934283, 0.03139500719510545, 0.27462581842955347, 0.0616461003858149, 0.12241335096970107, -0.00616790388101712], [0.0006743351890771438, 0.003086635809382561, -0.00883020618041604, -0.016230925232498895, 0.0616461003858149, 0.0496728632357104, 0.08345815134291586, -0.025134607342044094], [0.007615020131943308, 0.00562671311447011, -0.027212267041030205, -0.0616238996386165, 0.12241335096970107, 0.08345815134291586, 0.20948559288679608, -0.04177212255894173], [0.006676680543346747, 0.03685575103110218, -0.011103251261386522, 0.005002582898749, -0.00616790388101712, -0.025134607342044094, -0.04177212255894173, 0.04323792174962509]]]}