{"weights": [0.5068323713953795, 0.27581875737681566, 0.2173488712278048], "means": [[2.083593740434295, -0.5250892805416967, 0.05611419832489309, 0.19770363936128058, 0.04086453491192547, 0.054108632517790065, 0.020449962859957753, 0.0037014753746418285], [-2.400868149313323, -1.8238714584451756, 0.13713318089916657, -0.38071255720270475, -0.07258576202995742, -0.10057908025584697, -0.02237454164453621, -0.005396828756748212], [-1.8119638013069421, 3.5389657199021625, -0.3048757298916097, 0.022107591575154, -0.0031790109841613613, 0.0014612010659357413, -0.019293336442465045, -0.001782760306693662]], "cov": [[[0.02335676658660619, 0.010718518981914739, -0.006694542007788188, -0.059085632959194834, -0.019608992325930934, -0.01553856386704567, -0.008184687361765457, 0.004599486116360088], [0.010718518981914739, 0.03197668094446097, -0.016345457672517633, -0.057674462765288426, -0.036338018224742925, -0.005266963322975462, 0.01935604171425566, 0.004670198220947998], [-0.006694542007788188, -0.016345457672517633, 0.019190594814676942, 0.08204426690281359, 0.031216468777092797, 0.008468632146218558, -0.016185258913916305, 0.006505922147973533], [-0.059085632959194834, -0.057674462765288426, 0.08204426690281359, 0.46254020725132666, 0.14833447554158155, 0.07270682817427239, -0.020973063107871667, 0.030194482177687883], [-0.019608992325930934, -0.036338018224742925, 0.031216468777092797, 0.14833447554158155, 0.07022931631507998, 0.012559148874677665, -0.01036761922167247, 0.0141163070207977], [-0.01553856386704567, -0.005266963322975462, 0.008468632146218558, 0.07270682817427239, 0.012559148874677665, 0.030136701354697558, -0.004288182779551867, -0.012110761715744123], [-0.008184687361765457, 0.01935604171425566, -0.016185258913916305, -0.020973063107871667, -0.01036761922167247, -0.004288182779551867, 0.050421678973687836, 0.009685407460493633], [0.004599486116360088, 0.004670198220947998, 0.006505922147973533, 0.030194482177687883, 0.0141163070207977, -0.012110761715744123, 0.009685407460493633, 0.024807427932490158]], [[7.453720715965725, 2.482555845704666, -0.03849158584242281, -1.607893248332432, -0.19273423588185173, -0.41996737146600077, -0.15000993077990246, -0.04393610490128448], [2.482555845704666, 2.8020011546688157, 1.0417963943146964, -0.5844562734371843, 0.14127372359538506, -0.1254266654686143, 0.0026061768472809823, 0.015844616632004347], [-0.03849158584242281, 1.0417963943146964, 0.6688015265517552, 0.04678165193748619, 0.0633254125071584, -0.01107392375958353, -2.537441225536696e-05, -0.02551490610856253], [-1.607893248332432, -0.5844562734371843, 0.04678165193748619, 1.0623635002303822, -0.28628646977248545, -0.18052631080566736, 0.07017599971643851, -0.06316959081008502], [-0.19273423588185173, 0.14127372359538506, 0.0633254125071584, -0.28628646977248545, 0.7024876273041961, 0.013094374180011935, 0.10958958322148687, -0.029919057430784383], [-0.41996737146600077, -0.1254266654686143, -0.01107392375958353, -0.18052631080566736, 0.013094374180011935, 0.2688737831778899, -0.05962288075789374, 0.04045083114759201], [-0.15000993077990246, 0.0026061768472809823, -2.537441225536696e-05, 0.07017599971643851, 0.10958958322148687, -0.05962288075789374, 0.07841794371516977, 0.012721353729602002], [-0.04393610490128448, 0.015844616632004347, -0.02551490610856253, -0.06316959081008502, -0.029919057430784383, 0.04045083114759201, 0.012721353729602002, 0.1678556155226198]], [[0.17142847169198108, 0.23148265923499897, -0.3428000350106147, 0.09776516331709813, -0.13514999294417585, 0.002490848840269256, 0.006962094752406535, 0.007372702643874168], [0.23148265923499897, 0.6431858059973473, 0.1811124239506395, 0.15884681650255097, -0.20125648447011882, -0.0002599600569349402, -0.00691124963263449, -0.032647071105135386], [-0.3428000350106147, 0.1811124239506395, 4.2583799824584325, -0.2035610066987595, -0.14683876282010194, 0.005173534448529273, 0.03311006893906001, 0.01711902868595473], [0.09776516331709813, 0.15884681650255097, -0.2035610066987595, 0.1280559064256686, -0.03643476239759529, -0.014023780149464617, -0.05995872862740511, 0.005478645663074862], [-0.13514999294417585, -0.20125648447011882, -0.14683876282010194, -0.03643476239759529, 0.2773771503206275, -0.0603194382843226, -0.1189656376613441, 0.004194610195448762], [0.002490848840269256, -0.0002599600569349402, 0.005173534448529273, -0.014023780149464617, -0.0603194382843226, 0.04787531496482857, 0.08025392806509943, -0.024245038024844772], [0.006962094752406535, -0.00691124963263449, 0.03311006893906001, -0.05995872862740511, -0.1189656376613441, 0.08025392806509943, 0.20476585200508823, -0.03909296608079285], [0.007372702643874168, -0.032647071105135386, 0.01711902868595473, 0.005478645663074862, 0.004194610195448762, -0.024245038024844772, -0.03909296608079285, 0.04287352836237527]]]}