{"weights": [0.17114077008424458, 0.1677854046012924, 0.27518750591154406, 0.15098695775789475, 0.15436244844711397, 0.08053691319790998], "means": [[3.8052516990536134, 0.43257829786157426, -0.40215252021547615, 0.14813804612909806, -0.03660171876544472, 0.016627124900187962, 0.10401722752379974, 0.0045105978058187605], [-0.6809370676105669, 1.4811011566540138, 1.0147473617747407, -0.007991478259858433, 0.0031480594587977653, 0.002140778497824047, -0.005468327219100237, -0.002416038811068382], [-3.915182640659408, -0.4438134270517272, 0.1051140740868273, 0.026419928769821247, 0.025923282183949032, -0.00048688630505212507, 0.009480521541779965, 0.005212737980014262], [1.1024859947230468, 0.5384625624821133, -0.5448903135855266, 0.004093084530177588, 0.04873418730542843, -0.012350970093878593, -0.04413096880018157, 0.005614831192327713], [-2.698545733881611, -0.032564777376221266, -0.20242438462114873, -0.09904017345982788, -0.10035877348217416, 0.007123970221875133, -0.00806584325427307, -0.01980790339427609], [6.870280594018869, -0.6478909631669008, 0.3073051308834629, -0.04263733974975862, -0.0018397057069426716, -0.000813802048041342, -0.012160886056341563, -0.0009333221892405273]], "cov": [[[0.1680871409245681, -0.022478734005490615, 0.026863124377961744, -0.004474326387352926, -0.006766807018194229, -0.0004841493660626411, 0.005900805224851495, 0.003572194941723917], [-0.022478734005490615, 0.003980272103178892, -0.0020890838929644375, -0.0006244463023046226, 0.0011554552055419137, -0.0001240151838255453, -0.00100558485736384, -0.00046167002813942906], [0.026863124377961744, -0.0020890838929644375, 0.007441729778775327, -0.0033359484652880507, -0.0006539881415516477, -0.00023311918997208185, -1.9215348766610784e-05, 0.0009083023746002276], [-0.004474326387352926, -0.0006244463023046224, -0.0033359484652880507, 0.002966273520774451, -0.0009322112877818384, 0.00017096366041705074, 0.0007769702628621169, -0.00017998996536554396], [-0.006766807018194229, 0.0011554552055419137, -0.0006539881415516476, -0.0009322112877818384, 0.002104554904596368, 0.00029496567186890465, -0.00041325313111653656, -0.0004731241880863238], [-0.0004841493660626411, -0.0001240151838255453, -0.00023311918997208185, 0.00017096366041705071, 0.00029496567186890465, 0.0015500598563113084, -0.00010141262401671601, 1.947479381395643e-05], [0.005900805224851495, -0.00100558485736384, -1.9215348766610872e-05, 0.000776970262862117, -0.00041325313111653656, -0.00010141262401671601, 0.0007822135847551954, -9.955709208194741e-05], [0.0035721949417239166, -0.00046167002813942906, 0.0009083023746002276, -0.000179989965365544, -0.0004731241880863239, 1.9474793813956435e-05, -9.95570920819474e-05, 0.0008087502857878854]], [[0.25249671095974013, 0.017311331693647222, -0.051145221687802334, 0.007286071573969247, 0.03753145233462874, 0.00380764337896663, 0.01151668538662711, -0.010803913875512359], [0.017311331693647222, 0.0019076572862685452, -0.0028497094318984, 0.0003126657589578387, 0.0028083735980917774, 0.00017560360721225485, 0.000990383938879984, -0.0010228132735335034], [-0.051145221687802334, -0.0028497094318984005, 0.011229144061083473, -0.0014897991514933714, -0.007603124128270208, -0.0005434854226116274, -0.0022771488276772975, 0.002022986049326516], [0.007286071573969247, 0.00031266575895783874, -0.0014897991514933717, 0.000901594642836216, 0.0002647520035557153, 4.3543354798101394e-05, 0.00024093493962536517, -0.00028470951642412136], [0.03753145233462874, 0.0028083735980917774, -0.007603124128270207, 0.0002647520035557152, 0.007634304263317193, 0.0013699159573807415, 0.0017526058188777783, -0.0028750073502046606], [0.0038076433789666305, 0.00017560360721225488, -0.0005434854226116275, 4.354335479810138e-05, 0.0013699159573807413, 0.0041377208913251605, -0.0005098288484119704, 0.0002617286797901282], [0.011516685386627108, 0.000990383938879984, -0.002277148827677297, 0.0002409349396253651, 0.0017526058188777783, -0.0005098288484119704, 0.0007446396550858045, -0.0007837594131725619], [-0.010803913875512357, -0.0010228132735335034, 0.0020229860493265156, -0.0002847095164241214, -0.00287500735020466, 0.00026172867979012813, -0.0007837594131725617, 0.003114934028399654]], [[0.04320873214877827, 0.018521409281858994, -0.015549478247824891, -0.03939427454095624, -0.008725785358510622, 0.0015208098965496155, 0.0010443207798327006, -0.00018232864849478906], [0.018521409281858994, 0.009852402291133103, -0.005494102209261961, -0.018382499632401895, -0.0026691493472393627, 0.0004496803317643453, 0.0014802123292194738, 0.0002493918298200208], [-0.015549478247824893, -0.005494102209261961, 0.007019596017715215, 0.01625757093458796, 0.0020938376498790463, -0.00039300139131971304, -0.00020948626116859897, 0.00020873510951810556], [-0.039394274540956245, -0.018382499632401895, 0.01625757093458796, 0.05696983953555607, -0.001840773631249219, 3.12336085127224e-05, -0.0034535744953485257, 0.00037512238003544114], [-0.008725785358510622, -0.0026691493472393623, 0.0020938376498790463, -0.0018407736312492187, 0.013926859294882469, -0.0003884714115591032, 0.001704375330518425, -0.0006613515803690499], [0.0015208098965496155, 0.0004496803317643453, -0.00039300139131971304, 3.1233608512722474e-05, -0.0003884714115591031, 0.003935040089002453, -0.0005453134891515811, -0.0002017380862526942], [0.001044320779832701, 0.0014802123292194738, -0.000209486261168599, -0.0034535744953485253, 0.001704375330518425, -0.0005453134891515811, 0.0010117781521882183, -0.00010812160319110095], [-0.00018232864849478906, 0.0002493918298200208, 0.00020873510951810564, 0.00037512238003544103, -0.0006613515803690501, -0.00020173808625269414, -0.00010812160319110093, 0.0030277420449002015]], [[0.42231338623532505, 0.0002284081847475493, 0.031334890946792864, 0.03530184703881949, -0.005307267709479362, -0.005028356769598011, -0.021216906694922766, -0.011204351846328751], [0.0002284081847475493, 0.001274848062043324, 0.0004036003440463486, 0.000234089314565506, -0.0014519435767349446, 0.00024023299184920092, 0.0006719554310448064, 0.0001496158985523603], [0.031334890946792864, 0.0004036003440463485, 0.004355775328019245, 0.0027140181265946695, -0.0013855580346055557, -0.0010249041520710013, -0.002681056489713926, -0.0006366608926269438], [0.03530184703881949, 0.00023408931456550598, 0.0027140181265946695, 0.005499534154802397, -0.0019395865484962097, -0.0011616139914742208, -0.0016629040090361473, -0.001694986990861503], [-0.005307267709479362, -0.0014519435767349443, -0.0013855580346055557, -0.0019395865484962097, 0.0034625980530288577, 0.0005833019830919344, -0.00026529010864214227, 0.00015195492480713998], [-0.005028356769598011, 0.00024023299184920086, -0.001024904152071001, -0.0011616139914742208, 0.0005833019830919344, 0.00313981101102683, 0.0006353214440846843, 0.00017253440378559961], [-0.021216906694922766, 0.0006719554310448064, -0.002681056489713926, -0.0016629040090361473, -0.0002652901086421423, 0.0006353214440846843, 0.0026523975781796477, 0.00038984370871924466], [-0.011204351846328753, 0.00014961589855236034, -0.0006366608926269438, -0.0016949869908615025, 0.00015195492480713998, 0.00017253440378559964, 0.00038984370871924466, 0.0020287533675715634]], [[0.04321983435323481, 0.01306947083206942, -0.008758210122509014, 0.004734307424389116, -0.0023805556658887273, 0.004183895849212525, -0.00024145751696267033, -0.00031715863457295023], [0.01306947083206942, 0.004411948240079346, -0.002254768107922081, 0.0011336300440043696, -0.0010836700697193888, 0.0009418707394033755, 0.00013682216505966216, -0.00022031967700267217], [-0.008758210122509014, -0.002254768107922081, 0.0026757712945826764, -0.0013016233602605126, 0.0003158242726657251, -0.0008350595202020072, -0.00027877707491194277, -5.959394270991813e-05], [0.004734307424389116, 0.0011336300440043696, -0.0013016233602605126, 0.001893153059793514, -0.001039181609727434, 0.0005483150371353587, 5.661365277580765e-05, -0.0005410281689010858], [-0.0023805556658887273, -0.0010836700697193888, 0.0003158242726657251, -0.001039181609727434, 0.0020527330096997884, 0.0007594330697038996, -0.00044821522338977805, 0.0003630155080528972], [0.004183895849212525, 0.0009418707394033755, -0.0008350595202020072, 0.0005483150371353585, 0.0007594330697038998, 0.0032554808182218772, -0.0007944221284776994, -1.4800946022556972e-05], [-0.00024145751696267033, 0.00013682216505966216, -0.00027877707491194277, 5.661365277580766e-05, -0.00044821522338977826, -0.0007944221284776995, 0.0006996808820596291, -0.00040111464640022804], [-0.00031715863457295023, -0.00022031967700267223, -5.959394270991817e-05, -0.0005410281689010858, 0.00036301550805289723, -1.4800946022556826e-05, -0.00040111464640022804, 0.0023833770656631922]], [[0.0005216977082672183, 0.0004466058040167658, 0.0008777947505199016, -0.000279897025906725, -0.00010747444714083862, -7.324891298083431e-05, 0.00017444448406930165, -0.000181481080820783], [0.0004466058040167657, 0.008114149352770765, 0.0058278718988760015, -0.0037164988896194002, 0.00026679971609031055, -0.00037309775507126, 0.003587270862831219, 0.0008522528198770023], [0.0008777947505199018, 0.0058278718988760015, 0.005160393179876102, -0.002931786364556822, 0.0001715859542564156, -0.0004863633895519181, 0.002338677942254074, 0.0003752812431842294], [-0.000279897025906725, -0.0037164988896194002, -0.002931786364556822, 0.0019205078586222526, -0.00030908322361036236, 5.8294841790843006e-05, -0.0014980001523291913, -0.0004765725957905507], [-0.00010747444714083862, 0.00026679971609031055, 0.00017158595425641556, -0.00030908322361036236, 0.00031399600545926746, 0.00026250214613926363, -2.7690835255145506e-06, 0.00021748100968803642], [-7.324891298083437e-05, -0.00037309775507125993, -0.0004863633895519181, 5.829484179084301e-05, 0.0002625021461392637, 0.0006565990871720737, -0.00015652244692716284, 0.00023079763836958918], [0.00017444448406930165, 0.003587270862831219, 0.0023386779422540738, -0.0014980001523291913, -2.769083525514561e-06, -0.00015652244692716292, 0.0017419461749861294, 0.00031815946085590844], [-0.000181481080820783, 0.0008522528198770022, 0.0003752812431842294, -0.0004765725957905506, 0.00021748100968803642, 0.00023079763836958913, 0.0003181594608559084, 0.0004741983417499358]]]}