{"weights": [0.08724832214765103, 0.08053691275167787, 0.3255033306098243, 0.19127516778523493, 0.14429532710829646, 0.17114093959731547], "means": [[3.8053393352593026, 0.43257300231525064, -0.4021078885978417, 0.14823031426129113, -0.03666384668922407, 0.016694240196738038, 0.10409788064641534, 0.004572138966632407], [-0.6808779774036895, 1.4809941378876967, 1.0147577476136882, -0.007970066845886291, 0.003057605748419513, 0.002019153530376199, -0.005533574272709868, -0.00245311134447469], [-3.9152925675119956, -0.44378274242784194, 0.10509719114442438, 0.026356034680440038, 0.02590810232258851, -0.00046105553783730663, 0.009434645773749797, 0.00526730245228939], [1.1025331058870025, 0.5384056322816452, -0.5449217161014497, 0.003938033403216864, 0.0487011319992625, -0.012313554737994944, -0.04409075329293932, 0.005724406085945771], [-2.698507588081845, -0.03246760329628419, -0.2023243177971734, -0.09915936598767425, -0.10032814542073559, 0.0071697852107610515, -0.008135092722115992, -0.019827017561351027], [6.8701383910219835, -0.6477813436909956, 0.30718975297743295, -0.042742277615098107, -0.0018639563955027423, -0.0008669753673822061, -0.012272896042660686, -0.0008756565261915414]], "covariances": [[[0.16816570517646418, -0.02247589519106788, 0.02686032640594765, -0.00447401518136653, -0.006766585296721325, -0.00048420396422848395, 0.005899978368989144, 0.003572059890858806], [-0.02247589519106788, 0.004077075474992517, -0.0020906682972557196, -0.0006238349349404069, 0.0011560562907753356, -0.00012299016283928458, -0.0010053498574768805, -0.00046183644180924617], [0.02686032640594765, -0.0020906682972557196, 0.007536586948307686, -0.003333078653326446, -0.0006516048549052552, -0.00023257462398976693, -1.8646500498471105e-05, 0.0009068618739889776], [-0.00447401518136653, -0.0006238349349404069, -0.003333078653326446, 0.0030628238337994376, -0.0009296691506798157, 0.0001708634122203822, 0.0007756006879379004, -0.00018063332100512908], [-0.006766585296721325, 0.0011560562907753356, -0.0006516048549052552, -0.0009296691506798157, 0.0021945837926206813, 0.00029209465562405555, -0.00041383172359014584, -0.0004706399888765849], [-0.00048420396422848395, -0.00012299016283928458, -0.00023257462398976693, 0.0001708634122203822, 0.00029209465562405555, 0.0016415482677106094, -0.00010071903498228933, 1.9556932923400875e-05], [0.005899978368989144, -0.0010053498574768805, -1.8646500498471105e-05, 0.0007756006879379004, -0.00041383172359014584, -0.00010071903498228933, 0.0008800348174780355, -9.889427129791669e-05], [0.003572059890858806, -0.00046183644180924617, 0.0009068618739889776, -0.00018063332100512908, -0.0004706399888765849, 1.9556932923400875e-05, -9.889427129791669e-05, 0.0009051397448278797]], [[0.2525445433544262, 0.017308034355563138, -0.05113490266128517, 0.007284517242930412, 0.03752344896452728, 0.0038068757548102333, 0.011514506403128257, -0.010801316695522326], [0.017308034355563138, 0.002006108474318422, -0.002847849969262223, 0.0003137204015196918, 0.0028077813663396236, 0.0001755559328269427, 0.00098977351186249, -0.0010236960602829596], [-0.05113490266128517, -0.002847849969262223, 0.011325932114557869, -0.0014896164684901395, -0.007602188360998457, -0.000542814202049688, -0.002275936020136623, 0.0020218538093725816], [0.007284517242930412, 0.0003137204015196918, -0.0014896164684901395, 0.00099825738165419, 0.00026560102729070536, 4.277918995445941e-05, 0.00024145383315395412, -0.00028208217611149996], [0.03752344896452728, 0.0028077813663396236, -0.007602188360998457, 0.00026560102729070536, 0.007732159799171268, 0.001370885648303421, 0.0017525386256717719, -0.0028778605133630286], [0.0038068757548102333, 0.0001755559328269427, -0.000542814202049688, 4.277918995445941e-05, 0.001370885648303421, 0.004238661055780694, -0.0005105174560322104, 0.00026309281068893605], [0.011514506403128257, 0.00098977351186249, -0.002275936020136623, 0.00024145383315395412, 0.0017525386256717719, -0.0005105174560322104, 0.0008424343594278539, -0.0007841587235976106], [-0.010801316695522326, -0.0010236960602829596, 0.0020218538093725816, -0.00028208217611149996, -0.0028778605133630286, 0.00026309281068893605, -0.0007841587235976106, 0.0032140222792814625]], [[0.043321173086732695, 0.018528640923280517, -0.015554765189823046, -0.039421385616855376, -0.008727744818897444, 0.0015206727190141248, 0.0010459718151896525, -0.00018257233657619678], [0.018528640923280517, 0.009948810402804601, -0.005502139124789634, -0.018394137644357978, -0.0026702156223855286, 0.00044983266488955747, 0.0014780482914108271, 0.0002493944212424426], [-0.015554765189823046, -0.005502139124789634, 0.00711697835156258, 0.01626676676328868, 0.002095288702083541, -0.00039344348906326406, -0.00021256593269573578, 0.00020955084185870262], [-0.039421385616855376, -0.018394137644357978, 0.01626676676328868, 0.05708768442633727, -0.0018383359775445613, 3.0448960068062018e-05, -0.0034542595518860606, 0.00037499186426887264], [-0.008727744818897444, -0.0026702156223855286, 0.002095288702083541, -0.0018383359775445613, 0.014014023492564668, -0.0003890809273559213, 0.0017031516322553479, -0.0006615850819615009], [0.0015206727190141245, 0.0004498326648895574, -0.0003934434890632639, 3.0448960068062018e-05, -0.00038908092735592115, 0.004022865431407595, -0.000543854125183427, -0.00020068295263793527], [0.0010459718151896525, 0.0014780482914108271, -0.00021256593269573578, -0.0034542595518860606, 0.0017031516322553479, -0.000543854125183427, 0.0011098737656367254, -0.00010744615958212975], [-0.00018257233657619678, 0.0002493944212424424, 0.0002095508418587025, 0.0003749918642688725, -0.0006615850819615009, -0.00020068295263793532, -0.00010744615958212975, 0.0031159091784027006]], [[0.42240671240183836, 0.00022835653026152618, 0.03133436716652287, 0.0353013008487464, -0.005307095803057763, -0.0050278467039263025, -0.02121662284210474, -0.011204244319582272], [0.00022835653026152618, 0.001375248224667098, 0.0004046005751677373, 0.0002345133724873733, -0.001453094897167875, 0.0002419421386327488, 0.0006724477337315178, 0.00015082167208823295], [0.03133436716652287, 0.0004046005751677373, 0.004456988904598062, 0.0027128171816005317, -0.0013864459606375283, -0.001025998267801129, -0.0026825376665983317, -0.0006339119802564185], [0.0353013008487464, 0.0002345133724873733, 0.0027128171816005317, 0.0056001652552213005, -0.0019398545379825534, -0.0011639515957284235, -0.0016611612152670372, -0.0016974951948166403], [-0.005307095803057763, -0.001453094897167875, -0.0013864459606375283, -0.0019398545379825534, 0.0035647825355211798, 0.0005827252127321331, -0.0002656384099129473, 0.00015156530296729696], [-0.0050278467039263025, 0.0002419421386327488, -0.001025998267801129, -0.0011639515957284235, 0.0005827252127321331, 0.003241094990532144, 0.0006374151711422388, 0.00017383359441933138], [-0.02121662284210474, 0.0006724477337315178, -0.0026825376665983317, -0.0016611612152670372, -0.0002656384099129473, 0.0006374151711422388, 0.002752092061937984, 0.0003887684163481642], [-0.011204244319582272, 0.00015082167208823295, -0.0006339119802564185, -0.0016974951948166403, 0.00015156530296729696, 0.00017383359441933138, 0.0003887684163481642, 0.002127428615007204]], [[0.0433077882248592, 0.01306628171733604, -0.008755984090737237, 0.004732816187842055, -0.002379945800646225, 0.004183060599188303, -0.00024113060485772203, -0.0003175513573008467], [0.01306628171733604, 0.004510166472409072, -0.0022534360925179305, 0.001133043704518555, -0.0010827505516730368, 0.0009413544708041984, 0.00013647074977290882, -0.00022125299253273906], [-0.008755984090737237, -0.0022534360925179305, 0.0027746103401979374, -0.0013024313704879664, 0.00031596744035117957, -0.0008346910474057924, -0.000278153967288123, -6.024397701028671e-05], [0.004732816187842055, 0.001133043704518555, -0.0013024313704879664, 0.001992563341336019, -0.0010399823181098914, 0.0005481805427423759, 5.697908856307833e-05, -0.0005379204630982812], [-0.002379945800646225, -0.0010827505516730368, 0.00031596744035117957, -0.0010399823181098911, 0.0021519426511017003, 0.0007593344325580241, -0.0004474408744430287, 0.0003616454136480818], [0.004183060599188303, 0.0009413544708041983, -0.0008346910474057924, 0.0005481805427423759, 0.0007593344325580241, 0.003352599825472195, -0.0007948901783412903, -1.2835432211646623e-05], [-0.00024113060485772195, 0.00013647074977290888, -0.00027815396728812303, 5.697908856307833e-05, -0.0004474408744430287, -0.0007948901783412903, 0.0007978574565422041, -0.0004012524622618444], [-0.0003175513573008467, -0.00022125299253273912, -6.024397701028671e-05, -0.0005379204630982812, 0.0003616454136480818, -1.2835432211646623e-05, -0.0004012524622618444, 0.0024805099060702836]], [[0.0006190214843052821, 0.00044804839199938276, 0.000877625223391613, -0.00028068724645459095, -0.00010698957227728893, -7.493556530448989e-05, 0.0001748932832122358, -0.00018102252833703444], [0.00044804839199938276, 0.008223673364211424, 0.005837306932149635, -0.003722091520262944, 0.0002676051200736264, -0.0003731850336769482, 0.0035910998257718952, 0.0008534804143596361], [0.000877625223391613, 0.005837306932149635, 0.005264692322936354, -0.002935037255480196, 0.00017119106118881268, -0.00048693634299660474, 0.002343480360917401, 0.00037586512181070456], [-0.00028068724645459095, -0.003722091520262944, -0.002935037255480196, 0.002021439105487193, -0.00030825654534607686, 5.924181512836231e-05, -0.0015014662525796169, -0.00047665600884098025], [-0.00010698957227728893, 0.0002676051200736264, 0.00017119106118881268, -0.00030825654534607686, 0.00041135104539847747, 0.0002614447907289726, -1.2806985781992135e-06, 0.0002172625122163612], [-7.493556530448989e-05, -0.0003731850336769482, -0.00048693634299660474, 5.924181512836231e-05, 0.0002614447907289726, 0.0007523717865369509, -0.00015689664180158674, 0.0002303651587457002], [0.0001748932832122358, 0.0035910998257718952, 0.002343480360917401, -0.0015014662525796169, -1.2806985781992135e-06, -0.00015689664180158674, 0.0018414453522069627, 0.0003193950074021401], [-0.00018102252833703444, 0.0008534804143596361, 0.00037586512181070456, -0.00047665600884098025, 0.0002172625122163612, 0.0002303651587457002, 0.0003193950074021401, 0.0005713855090078337]]]}