{
 "cells": [
  {
   "cell_type": "code",
   "execution_count": 1,
   "metadata": {},
   "outputs": [],
   "source": [
    "import numpy as np \n",
    "import pandas as pd \n",
    "import matplotlib.pyplot as plt\n",
    "import os\n",
    "import json"
   ]
  },
  {
   "cell_type": "code",
   "execution_count": 2,
   "metadata": {},
   "outputs": [
    {
     "name": "stdout",
     "output_type": "stream",
     "text": [
      "{'weights': [0.17222143805577197, 0.1666420086852967, 0.3000173021225531, 0.12778663305415153, 0.15555126805147296, 0.07778135003075383], 'means': [[6.852089985666406, -0.653594964047976, 0.2912869256775454, -0.037143131847622496, -0.0016505356141627943, 0.008086662110268369, -0.00887712054246792, 0.0017631265026743456], [-4.115118159997615, -0.5195713639192528, 0.17420521962947258, 0.2228287896041521, 0.04236996637216739, 0.0005233818015168514, 0.007827085170054107, 0.00881629716035809], [-3.2423931652170332, -0.20718224247672137, -0.08652681901776242, -0.14027357848351613, -0.04463498439722035, -0.006980343373907286, -0.0022642852496886205, -0.008717521369209436], [0.6909011461797887, 0.5551513704150699, -0.5681403905648021, -0.0384902238070522, 0.06463569988635934, 0.005459810291345204, -0.004630618247946125, 0.015160092460344146], [2.8731798483270135, 0.5029058111955176, -0.40963257896183025, 0.1108472338637211, -0.012249930599422731, -0.0010139011206989456, 0.01397136294521419, -0.006667384898802613], [-0.729813573292156, 1.441671771469498, 1.0681660388461949, -0.012537512108831927, 0.00335328053043883, 0.000955661546656554, -0.008712860921370627, -0.0007398097876409037]], 'cov': [[[0.00546453464446231, 0.000303747713435358, 0.000965565679825458, -0.0004342759309193322, -9.342238362844604e-05, -7.169039446202026e-05, 4.284650898636646e-05, -0.00010608309828580318], [0.000303747713435358, 0.008260297141478735, 0.006192134667991331, -0.0038265628179581677, 0.0003085513699388736, -0.001961910463374611, 0.0037223977664761006, -0.00022088158363517424], [0.000965565679825458, 0.006192134667991331, 0.005659736517191472, -0.0031950866133811776, 0.00020498111652160676, -0.0012618371073488427, 0.002655056494615556, -0.00031032528070988174], [-0.0004342759309193322, -0.0038265628179581677, -0.0031950866133811776, 0.0019527276105395567, -0.0002271600104304351, 0.0008731467016031646, -0.0016358591150731953, 0.00012059195290134415], [-9.342238362844604e-05, 0.0003085513699388736, 0.00020498111652160676, -0.0002271600104304351, 0.00017034010088174526, -0.00013600851450089178, 4.908322386562735e-05, 2.9169182569186884e-07], [-7.169039446202026e-05, -0.001961910463374611, -0.0012618371073488427, 0.0008731467016031646, -0.00013600851450089178, 0.0008123824439772293, -0.0007484166607446867, -5.455667088570107e-05], [4.284650898636646e-05, 0.0037223977664761006, 0.002655056494615556, -0.0016358591150731953, 4.908322386562735e-05, -0.0007484166607446867, 0.0018209591900094641, -9.788709110248235e-05], [-0.00010608309828580318, -0.00022088158363517424, -0.00031032528070988174, 0.00012059195290134415, 2.9169182569186884e-07, -5.455667088570107e-05, -9.788709110248235e-05, 0.00017695036364056833]], [[0.007283806789645081, 0.0008889521485522186, 0.00043694601725154905, 0.0006141139534500145, -0.0017993648225295474, -5.840307833728714e-05, -0.0005519310295344648, 0.00027282516655349715], [0.0008889521485522186, 0.0026001573460602166, 0.0011587307069877081, -0.0023887453477021035, 0.003008980821491492, -0.0003180052105282325, 0.0013014396874534593, -0.0001754181082203321], [0.00043694601725154905, 0.0011587307069877081, 0.000681899836887212, -0.00047645291902001757, 0.0011872757543153146, -0.00010914227392224497, 0.0004468154866249452, -0.000386295215233222], [0.0006141139534500145, -0.0023887453477021035, -0.00047645291902001757, 0.016311076131957394, -0.005941427909733657, 0.001100078876801456, -0.0022777683042799093, -0.000951609955117729], [-0.0017993648225295474, 0.003008980821491492, 0.0011872757543153146, -0.005941427909733657, 0.014385639633847865, -0.0012351773091843158, 0.0036143641513350015, -0.000274366729640516], [-5.840307833728714e-05, -0.0003180052105282325, -0.00010914227392224497, 0.001100078876801456, -0.0012351773091843158, 0.0011570658662884144, 0.0005637841393324827, -0.0006703136855044375], [-0.0005519310295344648, 0.0013014396874534593, 0.0004468154866249452, -0.0022777683042799093, 0.0036143641513350015, 0.0005637841393324827, 0.0023653761023824586, -0.0001921817218484005], [0.00027282516655349715, -0.0001754181082203321, -0.000386295215233222, -0.000951609955117729, -0.000274366729640516, -0.0006703136855044375, -0.0001921817218484005, 0.003060708322070991]], [[0.2833039486012306, 0.09394551603866433, -0.05921848813708382, 0.029921941500894566, -0.03454021586702269, -0.00020154491022020938, -0.007950349403669447, -0.0019505755486503968], [0.09394551603866433, 0.032127126135757064, -0.01896069730013139, 0.01010125124030896, -0.013465151932707435, -2.8906835126811286e-05, -0.0019681982079940725, -1.0393804227165132e-05], [-0.05921848813708382, -0.01896069730013139, 0.01327253851166193, -0.006202195300501027, 0.005898341585695235, 0.0002790073196239946, 0.0019150115297968673, 0.0009542431379779294], [0.029921941500894566, 0.01010125124030896, -0.006202195300501027, 0.005065093769336945, -0.005330228172854713, -0.00030028373804240213, -0.000983564942092261, -0.0005925528527757853], [-0.03454021586702269, -0.013465151932707435, 0.005898341585695235, -0.005330228172854713, 0.010515559542430901, -0.0005688494269986314, -0.0008690125991470842, -0.0008324889241857894], [-0.00020154491022020938, -2.8906835126811286e-05, 0.0002790073196239946, -0.00030028373804240213, -0.0005688494269986314, 0.0021384333031034706, 0.0017019061387340214, 0.00010682783301039025], [-0.007950349403669447, -0.0019681982079940725, 0.0019150115297968673, -0.000983564942092261, -0.0008690125991470842, 0.0017019061387340214, 0.0025757580705908062, 0.0006311696867649009], [-0.0019505755486503968, -1.0393804227165132e-05, 0.0009542431379779294, -0.0005925528527757853, -0.0008324889241857894, 0.00010682783301039025, 0.0006311696867649009, 0.0033197649727984167]], [[0.04809411497959304, 0.005131302847472574, -0.000506438782625277, 0.0004987819280564419, -0.0003749119488495644, -0.006761909233241989, -0.00293829855949934, -0.0002729440928842978], [0.005131302847472574, 0.001506595127029758, 0.0006807201432388414, 0.00014041718218152477, -0.001758077764923586, -0.0011602735767839696, -0.00010130517278797296, -7.467228806601059e-05], [-0.000506438782625277, 0.0006807201432388414, 0.0008051309931891272, 0.00029964464494188885, -0.0015597084201876194, -0.00023049037024369746, 6.177934211946947e-05, 3.338041875278514e-05], [0.0004987819280564419, 0.00014041718218152477, 0.00029964464494188885, 0.0011001606932459582, -0.0007509786277054461, 0.00026922343469845206, -0.00022652139183231273, -0.0005560456690914312], [-0.0003749119488495644, -0.001758077764923586, -0.0015597084201876194, -0.0007509786277054461, 0.004007451506574161, 0.0006074300308298828, -0.00030323049613896355, 0.0006592441400191957], [-0.006761909233241989, -0.0011602735767839696, -0.00023049037024369746, 0.00026922343469845206, 0.0006074300308298828, 0.0030943980779438275, 0.0017041600141562586, -0.0004074608619549772], [-0.00293829855949934, -0.00010130517278797296, 6.177934211946947e-05, -0.00022652139183231273, -0.00030323049613896355, 0.0017041600141562586, 0.0016214679369200484, -8.737700602980445e-05], [-0.0002729440928842978, -7.467228806601059e-05, 3.338041875278514e-05, -0.0005560456690914312, 0.0006592441400191957, -0.0004074608619549772, -8.737700602980445e-05, 0.0016891186638287776]], [[1.0821523100158565, -0.05718210031919485, 0.04569940724030199, 0.020363654936271243, -0.024762236817748893, -0.09048420696902236, 0.06486677197870017, -0.012628832212509088], [-0.05718210031919485, 0.004163804298602242, -0.0023456132418639467, -0.0013606684157157277, 0.0017809023233203334, 0.004410195774082022, -0.0033535589558951803, 0.0006239018986904511], [0.04569940724030199, -0.0023456132418639467, 0.006468042354456148, -0.0018348874037406244, -0.0004171973489368713, -0.0023899817580333976, 0.002132603200190264, -7.580327652575247e-05], [0.020363654936271243, -0.0013606684157157277, -0.0018348874037406244, 0.003152217556749235, -0.0017160244346392168, -0.0030283624903048863, 0.0016294264035066138, -0.0003044022059128522], [-0.024762236817748893, 0.0017809023233203334, -0.0004171973489368713, -0.0017160244346392168, 0.0023287483671201674, 0.0020994740083941617, -0.0017624723943260208, -0.00022589088528930502], [-0.09048420696902236, 0.004410195774082022, -0.0023899817580333976, -0.0030283624903048863, 0.0020994740083941617, 0.009483327893250133, -0.0050647336871246324, 0.00100157550387804], [0.06486677197870017, -0.0033535589558951803, 0.002132603200190264, 0.0016294264035066138, -0.0017624723943260208, -0.0050647336871246324, 0.0044612470779342665, -0.0008108453491134087], [-0.012628832212509088, 0.0006239018986904511, -7.580327652575247e-05, -0.0003044022059128522, -0.00022589088528930502, 0.00100157550387804, -0.0008108453491134087, 0.0008687951473623671]], [[0.2729448434744618, 0.017609794168422635, -0.052657961510771595, 0.014044337290325976, 0.027258510866762245, -0.011922592955774589, 0.0008452541116237293, -0.004606612887534428], [0.017609794168422635, 0.00150671648866672, -0.002959463263861957, 0.0010066885754624166, 0.0017751294834047943, -0.00040727628868564866, 0.00022393477649174434, -0.0008758004171689823], [-0.052657961510771595, -0.002959463263861957, 0.010845791125657844, -0.0025580189806184207, -0.00528409703123054, 0.0026140182123929423, -0.00011056724477240143, 7.235392673426412e-05], [0.014044337290325976, 0.0010066885754624166, -0.0025580189806184207, 0.0012844371290286968, 0.0007889113981721937, -0.0002975328842968192, 0.00021837563458021927, -0.0007735710653777259], [0.027258510866762245, 0.0017751294834047943, -0.00528409703123054, 0.0007889113981721937, 0.004253329911583213, -0.0018825325307648326, -0.0007470035423906616, -0.0008985025572215927], [-0.011922592955774589, -0.00040727628868564866, 0.0026140182123929423, -0.0002975328842968192, -0.0018825325307648326, 0.0022716225182114616, 0.001381041623789519, -0.0006137038789958357], [0.0008452541116237293, 0.00022393477649174434, -0.00011056724477240143, 0.00021837563458021927, -0.0007470035423906616, 0.001381041623789519, 0.0013653719633958837, 6.491448346792879e-05], [-0.004606612887534428, -0.0008758004171689823, 7.235392673426412e-05, -0.0007735710653777259, -0.0008985025572215927, -0.0006137038789958357, 6.491448346792879e-05, 0.003706761252091041]]]}\n"
     ]
    }
   ],
   "source": [
    "\n",
    "# posterior 1 data\n",
    "filename_posterior_1 =  \"./posterior_condition_1_slope_gempy_50.0_scale_10.0/MAP/gmm_data.json\"\n",
    "# Open and read the JSON file\n",
    "with open(filename_posterior_1, 'r') as file:\n",
    "    data_1 = json.load(file)\n",
    "\n",
    "# Now `data` is a Python dictionary containing the parsed JSON\n",
    "print(data_1)"
   ]
  },
  {
   "cell_type": "code",
   "execution_count": 3,
   "metadata": {},
   "outputs": [
    {
     "name": "stdout",
     "output_type": "stream",
     "text": [
      "{'weights': [0.0888888888888889, 0.19444444444444445, 0.32777777777784467, 0.138888888888822, 0.07777777777777779, 0.17222222222222225], 'means': [[3.7208996115348816, 0.4621365986770504, -0.38325648590917505, 0.1339713469334279, -0.031003612809262088, -0.08185870876962512, 0.06337077945924197, -0.01746707796383494], [1.0519160847118585, 0.555912691358434, -0.5259137482608656, 0.0021489815856467003, 0.046855723845825585, 0.040198721617149116, -0.020835183163250795, 0.012615022685919382], [-3.9209699509494302, -0.4431365976214542, 0.09577111273722402, 0.021118776743166538, 0.02599301077262914, -0.004097694782628327, 0.009631704356356515, 0.002086121122094764], [-2.6888362463945525, -0.025162621357115226, -0.20390677112655703, -0.08549317082194592, -0.10692849237370185, -0.004781174937722889, -0.018229813747233592, -0.013177204377722176], [-0.7301433867660423, 1.4417575425338933, 1.0683009108739074, -0.012548754425808922, 0.003354685593278349, 0.0009558767016774778, -0.008714975285858979, -0.0007392476274642014], [6.85253819132731, -0.6536003412339925, 0.2912918012292409, -0.037153287153890706, -0.0016526920711547426, 0.008086941145434732, -0.00887795548311691, 0.0017627704334813468]], 'covariances': [[[0.1663606286368137, -0.019005279240514684, 0.03035731125607774, -0.008533513890938886, -0.005819616990505462, 0.0004895081042509374, 0.009197928536250208, 0.0004984942556044036], [-0.019005279240514684, 0.0029757868131864416, -0.002120361683183131, -7.837788872732392e-05, 0.001280751678481205, 0.00011585219470839296, -0.0011888986120057012, -0.00016162763255517904], [0.03035731125607774, -0.002120361683183131, 0.008285842223825031, -0.003539342604265567, -0.0003343301392693928, 0.0005571144979367958, 0.001173771312728431, 3.696236704374956e-05], [-0.008533513890938886, -7.837788872732392e-05, -0.003539342604265567, 0.0025683008146393438, -0.0009841745729042366, -0.00046100563421762596, -3.3600485838562194e-05, 0.0004217821672764697], [-0.005819616990505462, 0.001280751678481205, -0.0003343301392693928, -0.0009841745729042366, 0.0023348776852977894, -0.00010856266691337688, -0.0005161184807712812, -0.0008662999240943518], [0.0004895081042509374, 0.00011585219470839296, 0.0005571144979367958, -0.00046100563421762596, -0.00010856266691337688, 0.0008045247583188798, 0.00018814734088103003, -0.00033330444609861766], [0.009197928536250208, -0.0011888986120057012, 0.001173771312728431, -3.3600485838562194e-05, -0.0005161184807712812, 0.00018814734088103003, 0.0009011144225605455, -1.7737121058944563e-05], [0.0004984942556044036, -0.00016162763255517904, 3.696236704374956e-05, 0.0004217821672764697, -0.0008662999240943518, -0.00033330444609861766, -1.7737121058944563e-05, 0.0007938883471392383]], [[0.30277954441976124, 0.0034698551428026265, 0.027927005194681533, 0.027656552010171757, -0.012764395147370633, 0.02004528218923844, -0.010105506645129993, -0.0025128639342490394], [0.0034698551428026265, 0.0011330359659266526, 0.0007451124061712233, 9.337789958895076e-05, -0.0011596978409078172, -0.0007566138386289134, -7.93341286798211e-05, 4.9859566938577354e-05], [0.027927005194681533, 0.0007451124061712233, 0.004542259829107499, 0.002995179302942897, -0.0021164679229020464, 0.0027744886714408034, -0.0014941635342690662, 4.2759074075096475e-05], [0.027656552010171757, 9.337789958895076e-05, 0.002995179302942897, 0.004664443906143233, -0.0023398524542006635, 0.002663853746959934, -0.0013101058940555397, -0.00073392550353364], [-0.012764395147370633, -0.0011596978409078172, -0.0021164679229020464, -0.0023398524542006635, 0.003660800595629961, -0.0006733614572933558, 0.0001674964247652879, 0.0005193088358024183], [0.02004528218923844, -0.0007566138386289134, 0.0027744886714408034, 0.002663853746959934, -0.0006733614572933558, 0.00459520304430368, 0.00016299324004133544, -0.00041508620858776615], [-0.010105506645129993, -7.93341286798211e-05, -0.0014941635342690662, -0.0013101058940555397, 0.0001674964247652879, 0.00016299324004133544, 0.002124362709937285, -4.986367882574213e-05], [-0.0025128639342490394, 4.9859566938577354e-05, 4.2759074075096475e-05, -0.00073392550353364, 0.0005193088358024183, -0.00041508620858776615, -4.986367882574213e-05, 0.0013313978511908834]], [[0.043989476739915226, 0.018156841870420437, -0.015756537009269773, -0.03868346990275288, -0.007465968801581335, -0.0012523029514747575, 0.0003225557456437492, 0.000429887987827118], [0.018156841870420437, 0.009182362012724418, -0.005357331605891076, -0.01632868576322815, -0.002527166562019382, -0.0007905491657530311, 0.001212050093109759, 0.0004347100353371537], [-0.015756537009269773, -0.005357331605891076, 0.007027014897711882, 0.016100789117233557, 0.0014076285945536441, 0.00040461588987115695, 0.00030689863923654656, 0.000359278974213751], [-0.03868346990275288, -0.01632868576322815, 0.016100789117233557, 0.05207578581518247, -0.0014687562863917745, 0.0013349002196802872, -0.0017135017936164272, 0.001079888048357242], [-0.007465968801581335, -0.002527166562019382, 0.0014076285945536441, -0.0014687562863917745, 0.012978557502083918, -0.00039952587881158516, 0.0010751230119842065, -0.0013989823641330386], [-0.0012523029514747575, -0.0007905491657530311, 0.00040461588987115695, 0.0013349002196802872, -0.00039952587881158516, 0.0018181496303574013, 0.0010882541909431587, -0.0002868079491696417], [0.0003225557456437492, 0.001212050093109759, 0.00030689863923654656, -0.0017135017936164272, 0.0010751230119842065, 0.0010882541909431587, 0.0021496986167394696, 0.00031755082679720724], [0.000429887987827118, 0.0004347100353371537, 0.000359278974213751, 0.001079888048357242, -0.0013989823641330386, -0.0002868079491696417, 0.00031755082679720724, 0.003485058733405204]], [[0.031330055725409096, 0.009789906642951646, -0.006466725115217283, 0.004504187837336024, -0.0027140958821480535, -0.0020188245608051257, -0.0012727061376778721, -0.0035011694029497475], [0.009789906642951646, 0.00338884749063877, -0.0017529273285349922, 0.0012902103052882564, -0.0014593390035229409, -0.00018584853164293555, 0.00019684175141270182, -0.0010036833719530406], [-0.006466725115217283, -0.0017529273285349922, 0.0022536921152187376, -0.001377677449079011, 0.00036694718852923607, 0.0008823336477349242, 0.0001137757914793991, 0.0010641617298881411], [0.004504187837336024, 0.0012902103052882564, -0.001377677449079011, 0.0013381379796615872, -0.0007603651775992905, -0.00042850034215543333, -7.34971230840798e-05, -0.0012020766920397454], [-0.0027140958821480535, -0.0014593390035229409, 0.000366947188529236, -0.0007603651775992905, 0.0027801564041007396, -0.001328264607092072, -0.0020016388421993567, 0.0009257363248530465], [-0.0020188245608051257, -0.00018584853164293555, 0.0008823336477349242, -0.00042850034215543333, -0.001328264607092072, 0.0017632769961774435, 0.0018297059569749288, 0.00019751983782881268], [-0.0012727061376778721, 0.00019684175141270182, 0.0001137757914793991, -7.34971230840798e-05, -0.0020016388421993567, 0.0018297059569749288, 0.002865580844327544, 0.00022126391115178998], [-0.0035011694029497475, -0.0010036833719530406, 0.0010641617298881411, -0.0012020766920397454, 0.0009257363248530465, 0.00019751983782881268, 0.00022126391115178998, 0.0026959562013822796]], [[0.27168042287349176, 0.017926395544395464, -0.05217997083987385, 0.014003205648594913, 0.02726829942433331, -0.01191464047051595, 0.0008317469543124446, -0.004603830533661514], [0.017926395544395464, 0.0014269179193662762, -0.0030861859129414893, 0.0010174623856149187, 0.0017738093921002207, -0.0004079181746901473, 0.0002262482407440962, -0.0008764653679640739], [-0.05217997083987385, -0.0030861859129414893, 0.010647991245989634, -0.002541477006915876, -0.0052866218824160404, 0.002614162618817223, -0.0001076560467133408, 7.154151063431624e-05], [0.014003205648594913, 0.0010174623856149187, -0.002541477006915876, 0.0012838816935161993, 0.0007893153060759464, -0.0002972602199694316, 0.00021798919622563644, -0.0007735467834477106], [0.02726829942433331, 0.0017738093921002207, -0.0052866218824160404, 0.0007893153060759464, 0.00425448111482929, -0.001882897361317533, -0.0007468803167796188, -0.0008985705588751163], [-0.01191464047051595, -0.0004079181746901473, 0.002614162618817223, -0.0002972602199694316, -0.001882897361317533, 0.002271966027437265, 0.0013816354274534875, -0.0006138534196647946], [0.0008317469543124446, 0.0002262482407440962, -0.0001076560467133408, 0.00021798919622563644, -0.0007468803167796188, 0.0013816354274534875, 0.0013660391766320006, 6.500849594688371e-05], [-0.004603830533661514, -0.0008764653679640739, 7.154151063431624e-05, -0.0007735467834477106, -0.0008985705588751163, -0.0006138534196647946, 6.500849594688371e-05, 0.0037080160814665897]], [[0.0005477047718314225, 0.00036272640394900853, 0.0009120956451811127, -0.0003228642530585386, -6.971186176769821e-05, -7.475354942629235e-05, 5.202035199084524e-05, -0.00010219764554903768], [0.00036272640394900853, 0.008260817166163684, 0.006192981648146707, -0.0038279349178943745, 0.00030813548219108585, -0.0019619409331131346, 0.003722376969109603, -0.00022093182936865926], [0.0009120956451811127, 0.006192981648146707, 0.0056603593381327755, -0.0031939681043065818, 0.00020518271703214158, -0.0012619181229064156, 0.0026552396324762712, -0.0003102806468677133], [-0.0003228642530585386, -0.0038279349178943745, -0.0031939681043065818, 0.0019506461998377688, -0.00022750802075479002, 0.0008731988914967069, -0.0016360599881712335, 0.00012053823757965536], [-6.971186176769821e-05, 0.00030813548219108585, 0.00020518271703214158, -0.00022750802075479002, 0.0001706551644245005, -0.00013594169771933648, 4.8904014550736326e-05, 2.9532941316774537e-07], [-7.475354942629235e-05, -0.0019619409331131346, -0.0012619181229064156, 0.0008731988914967069, -0.00013594169771933648, 0.0008133635606763345, -0.0007484645740940737, -5.452650071904762e-05], [5.202035199084524e-05, 0.003722376969109603, 0.0026552396324762712, -0.0016360599881712335, 4.8904014550736326e-05, -0.0007484645740940737, 0.001821922044635356, -9.788602798088858e-05], [-0.00010219764554903768, -0.00022093182936865926, -0.0003102806468677133, 0.00012053823757965536, 2.9532941316774537e-07, -5.452650071904762e-05, -9.788602798088858e-05, 0.000177822414456898]]]}\n"
     ]
    }
   ],
   "source": [
    "gmm_data_init = \"./posterior_condition_1_slope_gempy_50.0_scale_10.0/initial_gmm_data.json\"\n",
    "with open(gmm_data_init, 'r') as file:\n",
    "    gmm_data_ = json.load(file)\n",
    "\n",
    "# Now `data` is a Python dictionary containing the parsed JSON\n",
    "print(gmm_data_)"
   ]
  },
  {
   "cell_type": "code",
   "execution_count": 11,
   "metadata": {},
   "outputs": [
    {
     "name": "stdout",
     "output_type": "stream",
     "text": [
      "{'weights': [0.1721693938651268, 0.009740256327174809, 0.3247596567373859, 0.2598999581321496, 0.15564413509604183, 0.07778659984212116], 'means': [[3.682514117624671, 0.4813092062543807, -0.35793873585044617, 0.11348509161283943, -0.024197023650737618, -0.07942649312191012, 0.05187809966146963, -0.015215248742967], [1.0873073464470615, 0.5453310673431089, -0.5312973134482735, 0.002398808164113669, 0.056093616105515595, 0.05255038340602101, -0.017205988272792603, 0.009382712070513992], [-3.8989829511073104, -0.4404853698600959, 0.0802273573858591, 0.00023024493924360916, 0.036552531922575154, -0.004281262643759131, 0.013561006970380514, 0.0165342176463439], [-2.6288935860670555, -0.004893446090687729, -0.2121758194200369, -0.07363978778084429, -0.11210057810485567, -0.00828861047548798, -0.024332145086247807, -0.025284872417130087], [-0.6673070585833991, 1.437983548766644, 1.0436936119140963, -0.014899697377858548, 0.011011542094510508, -0.015747380537779642, -0.014010953618599937, 0.029099948659459595], [6.850724284808569, -0.6410870004440158, 0.299148760417981, -0.0417100051096452, -0.001801352844839538, 0.007845589457154812, -0.002195970521362283, 0.002916531627256377]], 'cov': [[[0.13025916573741383, -0.014939775149077699, 0.023612096925570356, -0.006597359593067316, -0.004504405981820186, 0.000347455205279281, 0.007235044317797632, 0.0003459119819948961], [-0.014939775149077699, 0.002710048342934177, -0.0011627752821210546, -0.0002893171824177234, 0.0011191112105878986, 0.00015656808168425018, -0.0008475421292437231, -9.564563341088824e-05], [0.023612096925570356, -0.0011627752821210544, 0.007480429727492445, -0.003296498476944983, -0.000356260344835168, 0.0006370929227250763, 0.0007901383400501133, 0.0002114205142038364], [-0.006597359593067316, -0.00028931718241772343, -0.003296498476944983, 0.0027249777946001317, -0.0011130301486645727, -0.00047770469021449306, 0.0002334287556767584, 0.00048376967654109544], [-0.004504405981820186, 0.0011191112105878986, -0.0003562603448351681, -0.0011130301486645727, 0.002994910259506935, -0.00014047494090452546, -0.0003395382878235104, -0.0012431770878809846], [0.000347455205279281, 0.0001565680816842502, 0.0006370929227250762, -0.00047770469021449295, -0.0001404749409045254, 0.0007110918915868238, 0.00010141360906508595, -0.00020037292406591118], [0.007235044317797632, -0.0008475421292437231, 0.0007901383400501134, 0.00023342875567675835, -0.0003395382878235104, 0.00010141360906508595, 0.0009739303480778321, 8.682654064032716e-06], [0.0003459119819948961, -9.564563341088826e-05, 0.0002114205142038364, 0.0004837696765410955, -0.0012431770878809849, -0.00020037292406591115, 8.682654064032699e-06, 0.0010039813389861527]], [[0.23759325744345675, 0.0027330849380108, 0.02169878845987688, 0.021548170818562345, -0.009949346026408665, 0.015614747530757596, -0.0077646910657974905, -0.0019978284955196176], [0.0027330849380108, 0.0012886274906356101, 0.0006989362283712323, -0.0001256255334074666, -0.0012414864463876495, -0.0007678621929155852, 0.0002325757497726015, 8.419826905759678e-05], [0.02169878845987688, 0.0006989362283712322, 0.005081757662300025, 0.0024903638527986943, -0.001599317786485932, 0.0025543481141017204, -0.002290794237547229, 0.0006489669523843362], [0.021548170818562345, -0.00012562553340746664, 0.002490363852798694, 0.00466882134802114, -0.002119521072601208, 0.0023071067210389605, -0.0015115126048286169, -0.0008455537997342023], [-0.009949346026408665, -0.0012414864463876495, -0.001599317786485932, -0.002119521072601208, 0.004120865202494842, -0.0006604125107089891, -0.000621326876626029, 0.0007618295202689231], [0.015614747530757596, -0.0007678621929155852, 0.0025543481141017204, 0.0023071067210389605, -0.0006604125107089892, 0.0045201406869021755, 0.00040315828303927846, -0.0003619433410758382], [-0.0077646910657974905, 0.0002325757497726015, -0.002290794237547229, -0.0015115126048286167, -0.0006213268766260289, 0.00040315828303927846, 0.0038445007679003833, -0.0005624809183198785], [-0.0019978284955196176, 8.419826905759677e-05, 0.0006489669523843362, -0.0008455537997342023, 0.000761829520268923, -0.00036194334107583813, -0.0005624809183198788, 0.0018086643898213438]], [[0.03414926041279649, 0.014065555376317531, -0.01225630027660283, -0.02978346031025154, -0.00534390215823631, -0.0009276736020794666, 0.0002906589676860325, 0.0003059115110114289], [0.014065555376317531, 0.007522436687047676, -0.0038480806834030813, -0.012547641225822108, -0.0017718508071488414, -0.0007168628254340751, 0.0011226552158242534, 0.0001858095500292302], [-0.01225630027660283, -0.003848080683403082, 0.005722259863626452, 0.012404228207845315, 0.0010284574671205397, 0.00022048273935843082, 0.0003305195402011003, 0.0001812777269742307], [-0.02978346031025154, -0.012547641225822108, 0.012404228207845314, 0.0403938327849368, -0.0006462632462003031, 0.0010569504209391126, -0.001245660783146925, 0.000771875826976331], [-0.00534390215823631, -0.0017718508071488414, 0.0010284574671205395, -0.0006462632462003035, 0.01004170720542852, -0.0003534163949522042, 0.0008045713319205484, -0.0009097802477639699], [-0.0009276736020794666, -0.0007168628254340753, 0.00022048273935843088, 0.0010569504209391126, -0.00035341639495220414, 0.00205117098415458, 0.0012501613735770687, -0.0004968339398284598], [0.00029065896768603244, 0.0011226552158242534, 0.0003305195402011003, -0.001245660783146925, 0.0008045713319205484, 0.0012501613735770687, 0.002136198229594042, 8.801935406707487e-05], [0.00030591151101142894, 0.00018580955002923017, 0.00018127772697423066, 0.0007718758269763308, -0.0009097802477639699, -0.0004968339398284598, 8.801935406707492e-05, 0.0036536090277839977]], [[0.02810507040576673, 0.008761141164010592, -0.005777028674512128, 0.003968005307837345, -0.0022959057480877645, -0.0018215260610919683, -0.0011965393436942494, -0.0030319388924901747], [0.008761141164010592, 0.003127949517099869, -0.0015159785606096792, 0.0011289809888677211, -0.0015432066069743478, -1.983488618664579e-05, 0.0004141233356524209, -0.0008225079710808553], [-0.005777028674512128, -0.001515978560609679, 0.002089920019604989, -0.0012548772206058551, 0.0002204828849606342, 0.0008588615878390691, 0.00018058226704993632, 0.0010964261490106276], [0.003968005307837345, 0.0011289809888677211, -0.0012548772206058554, 0.0013944917729525434, -0.0008792212109104633, -0.00043608491162116966, -0.00010051771295428738, -0.0012169146413235073], [-0.0022959057480877645, -0.0015432066069743478, 0.0002204828849606342, -0.0008792212109104633, 0.0036010688098257033, -0.0017327545535602308, -0.0026476132070585067, 0.0009274058084427635], [-0.0018215260610919683, -1.983488618664571e-05, 0.0008588615878390691, -0.00043608491162116966, -0.0017327545535602308, 0.0022570603603627674, 0.0024511168865143885, 0.00010318115886506573], [-0.0011965393436942492, 0.000414123335652421, 0.00018058226704993646, -0.00010051771295428736, -0.002647613207058507, 0.002451116886514389, 0.003655646365232276, 0.00010333049354509076], [-0.0030319388924901747, -0.0008225079710808553, 0.0010964261490106274, -0.001216914641323507, 0.0009274058084427635, 0.00010318115886506567, 0.00010333049354509076, 0.0030172800155569626]], [[0.31572687449189923, 0.02086309405708406, -0.06060313211271495, 0.016321336115498825, 0.0316588829538568, -0.01375945629927344, 0.001011274483630932, -0.0055116105845814155], [0.02086309405708406, 0.0018248163650157075, -0.0033924956198320352, 0.0013556272960722636, 0.001988959153620877, -1.809690257521065e-05, 0.0005039404012953407, -0.001825084402653158], [-0.06060313211271495, -0.0033924956198320357, 0.012595241352432241, -0.002705859286479659, -0.006262937037051844, 0.003578304452304965, 0.00015243310519316835, -0.0009268990043845432], [0.016321336115498825, 0.0013556272960722636, -0.0027058592864796587, 0.0017810030208712385, 0.0006698661158861882, 1.808281370180832e-05, 0.00041783037035427384, -0.0017238264523456574], [0.03165888295385679, 0.001988959153620877, -0.006262937037051843, 0.0006698661158861883, 0.005191981528489884, -0.0023193869605106668, -0.0009115824460721273, -0.0006561874276444757], [-0.01375945629927344, -1.8096902575210728e-05, 0.0035783044523049648, 1.8082813701808262e-05, -0.0023193869605106668, 0.0038135294333714992, 0.002243788219885803, -0.002634015280428312], [0.001011274483630932, 0.0005039404012953406, 0.0001524331051931684, 0.0004178303703542738, -0.0009115824460721275, 0.002243788219885803, 0.0019457148638934239, -0.0008847045996612764], [-0.0055116105845814155, -0.001825084402653158, -0.0009268990043845436, -0.0017238264523456576, -0.0006561874276444758, -0.002634015280428312, -0.0008847045996612764, 0.00782817219642289]], [[0.0005058551355073888, 0.0006226398607113394, 0.0010350937645637298, -0.00043981698006320663, -2.8631161901203748e-05, -0.00017633828829992438, 0.00015534196127104237, -8.87626966326477e-05], [0.0006226398607113394, 0.011150845717530557, 0.00857297319043245, -0.005238782562083687, 0.0004146389851280287, -0.0026056917405169466, 0.004994872855002371, -0.00032948687206335066], [0.0010350937645637296, 0.008572973190432449, 0.007480078825567542, -0.0043088358529789015, 0.00029076652487813117, -0.0018132997108611401, 0.003728383809050504, -0.00037468990607548546], [-0.0004398169800632066, -0.005238782562083687, -0.0043088358529789015, 0.0026208941630447, -0.00027504336966632765, 0.001227852918918346, -0.0022530070169254506, 0.000154905436440295], [-2.8631161901203755e-05, 0.0004146389851280287, 0.0002907665248781312, -0.0002750433696663276, 0.00016950702444842712, -0.00021643189891602644, 7.249220182033289e-05, 1.1411568983623424e-05], [-0.00017633828829992438, -0.002605691740516946, -0.0018132997108611406, 0.001227852918918346, -0.00021643189891602644, 0.001083118414629761, -0.0009446412718570092, -6.336122299582481e-05], [0.00015534196127104234, 0.004994872855002371, 0.003728383809050505, -0.002253007016925451, 7.249220182033289e-05, -0.0009446412718570092, 0.002426239716547005, -0.00017230253159604536], [-8.87626966326477e-05, -0.0003294868720633506, -0.00037468990607548546, 0.000154905436440295, 1.141156898362343e-05, -6.336122299582483e-05, -0.00017230253159604536, 0.00019479470317899247]]]}\n"
     ]
    }
   ],
   "source": [
    "# posterior 3 data\n",
    "filename_posterior_3_1 =  \"./posterior_condition_3_alpha_100000000.0_beta_1000.0_slope_gempy_50.0/MAP/gmm_data.json\"\n",
    "# Open and read the JSON file\n",
    "with open(filename_posterior_3_1, 'r') as file:\n",
    "    data_3_1 = json.load(file)\n",
    "\n",
    "# Now `data` is a Python dictionary containing the parsed JSON\n",
    "print(data_3_1)"
   ]
  },
  {
   "cell_type": "code",
   "execution_count": null,
   "metadata": {},
   "outputs": [
    {
     "name": "stdout",
     "output_type": "stream",
     "text": [
