{"weights": [0.17222196549396948, 0.16667297202510223, 0.2999861107208413, 0.12778685572295057, 0.1555507875907536, 0.0777813084463828], "means": [[6.8520565967882625, -0.6535944574355049, 0.29128666047771584, -0.03714187236397099, -0.0016507569012539122, 0.008086609124557583, -0.008877221237735482, 0.0017630806157601087], [-4.115111865402379, -0.5195675828751782, 0.17420974189599953, 0.2228562602826327, 0.042348216967983764, 0.000522794302348693, 0.007820410482291788, 0.008811494530223158], [-3.242301862941787, -0.2071509782209507, -0.08655714727082735, -0.14032712380265627, -0.04463174737082476, -0.006980774600257786, -0.0022615563947899937, -0.00871662952003316], [0.690904643498536, 0.555151667930735, -0.5681405087388433, -0.03849010565615895, 0.06463586755790857, 0.005459829657965278, -0.00463060745165012, 0.015160080580799562], [2.873185870845492, 0.5029056334113122, -0.409632071313639, 0.11084762779103938, -0.012250263752553755, -0.0010139573595317935, 0.013971447553067945, -0.006667461659474187], [-0.7298162314459952, 1.4416723037239, 1.0681667296816197, -0.012537550776051037, 0.003353268574177646, 0.0009556978016504456, -0.008712915463483378, -0.000739785955143413]], "cov": [[[0.005828769697578512, 0.00029821974926006026, 0.0009684559875055768, -0.00044801139901090147, -9.101093775519825e-05, -7.111164306164784e-05, 4.394171396647514e-05, -0.00010558273770973934], [0.00029821974926006026, 0.008260356583485123, 0.006192072156901842, -0.0038263419980502575, 0.00030851361646892604, -0.001961913227625972, 0.0037223691012690514, -0.0002208882489773002], [0.0009684559875055768, 0.006192072156901842, 0.005659742322057663, -0.0031951854992156793, 0.000204999262005968, -0.0012618286449025656, 0.0026550567190761565, -0.00031032031298687963], [-0.00044801139901090147, -0.0038263419980502575, -0.0031951854992156793, 0.0019532435246816158, -0.00022725579902781464, 0.0008731225757720969, -0.0016358972632943948, 0.00012057180596257354], [-9.101093775519825e-05, 0.00030851361646892604, 0.000204999262005968, -0.00022725579902781464, 0.00017036465084216054, -0.00013600463068846321, 4.909291793387876e-05, 2.968826951564285e-07], [-7.111164306164784e-05, -0.001961913227625972, -0.0012618286449025656, 0.0008731225757720969, -0.00013600463068846321, 0.0008123812196499131, -0.0007484125039704815, -5.455590017839379e-05], [4.394171396647514e-05, 0.0037223691012690514, 0.0026550567190761565, -0.0016358972632943948, 4.909291793387876e-05, -0.0007484125039704815, 0.0018209582311831912, -9.788500647266198e-05], [-0.00010558273770973934, -0.0002208882489773002, -0.00031032031298687963, 0.00012057180596257354, 2.968826951564285e-07, -5.455590017839379e-05, -9.788500647266198e-05, 0.00017695127094884732]], [[0.007283079110683062, 0.0008891502389645113, 0.0004368219213367897, 0.0006147035512131641, -0.0017997971143324295, -5.8413266722281554e-05, -0.000552037389694749, 0.0002726191702033382], [0.0008891502389645113, 0.002599832052403558, 0.001158539254462364, -0.0023878253027260327, 0.0030079696008067335, -0.00031795808787472976, 0.001301067902648915, -0.0001754806003091962], [0.0004368219213367897, 0.001158539254462364, 0.00068194267437014, -0.0004756236043893167, 0.0011865329975039175, -0.00010913675496377011, 0.00044656352052209025, -0.0003863425178004075], [0.0006147035512131641, -0.0023878253027260327, -0.0004756236043893167, 0.016312195132729215, -0.005943531695805756, 0.0010997870021655933, -0.002278340323678028, -0.0009521459512418504], [-0.0017997971143324295, 0.0030079696008067335, 0.0011865329975039175, -0.005943531695805756, 0.01438551648413533, -0.0012348782768226672, 0.0036144750070162507, -0.00027375353443143466], [-5.8413266722281554e-05, -0.00031795808787472976, -0.00010913675496377011, 0.0010997870021655933, -0.0012348782768226672, 0.0011568533581418363, 0.0005637015210159777, -0.0006701738461711465], [-0.000552037389694749, 0.001301067902648915, 0.00044656352052209025, -0.002278340323678028, 0.0036144750070162507, 0.0005637015210159777, 0.0023651792407210757, -0.00019197317222114155], [0.0002726191702033382, -0.0001754806003091962, -0.0003863425178004075, -0.0009521459512418504, -0.00027375353443143466, -0.0006701738461711465, -0.00019197317222114155, 0.003060264146527416]], [[0.2832726646187292, 0.09393194889878793, -0.05920098127218727, 0.029970551311169047, -0.0345460231205055, -0.00020114488160797496, -0.00795352121880213, -0.001951408486164164], [0.09393194889878793, 0.032121939414023144, -0.01895417930437024, 0.010118077824206706, -0.013467393797010174, -2.8771648315870894e-05, -0.0019692120887692902, -1.0630558657109705e-05], [-0.05920098127218727, -0.01895417930437024, 0.013265526073488567, -0.00621822613187922, 0.005899804005543685, 0.0002789036455750638, 0.0019159995743843502, 0.0009545792972432043], [0.029970551311169047, 0.010118077824206706, -0.00621822613187922, 0.005038163804272014, -0.005329159124614487, -0.00030054011020915183, -0.0009822641439683438, -0.0005921667352439107], [-0.0345460231205055, -0.013467393797010174, 0.005899804005543685, -0.005329159124614487, 0.010516567277770414, -0.0005688930089256005, -0.0008691886192317574, -0.0008326000490790381], [-0.00020114488160797496, -2.8771648315870894e-05, 0.0002789036455750638, -0.00030054011020915183, -0.0005688930089256005, 0.0021386544756657553, 0.001702094237920678, 0.00010684254202289478], [-0.00795352121880213, -0.0019692120887692902, 0.0019159995743843502, -0.0009822641439683438, -0.0008691886192317574, 0.001702094237920678, 0.0025759523996149434, 0.0006312119316905878], [-0.001951408486164164, -1.0630558657109705e-05, 0.0009545792972432043, -0.0005921667352439107, -0.0008326000490790381, 0.00010684254202289478, 0.0006312119316905878, 0.003320103474980791]], [[0.04809127222894927, 0.005130035402161912, -0.0005053692928636735, 0.0004987594688380703, -0.00037530501671977616, -0.006761978342327489, -0.002938161101457984, -0.00027303933114071943], [0.005130035402161912, 0.001506401651803636, 0.0006808307783907957, 0.00014038866273473512, -0.0017581357091132745, -0.001160272523160006, -0.00010130376502033982, -7.467580345590853e-05], [-0.0005053692928636735, 0.0006808307783907957, 0.0008050895698936195, 0.0002996683842003533, -0.0015596719526743727, -0.00023049739335041515, 6.178540958277166e-05, 3.337823028627437e-05], [0.0004987594688380703, 0.00014038866273473512, 0.0002996683842003533, 0.0011001605980490083, -0.0007509854098401488, 0.00026922171588302104, -0.0002265172691238184, -0.0005560469739958377], [-0.00037530501671977616, -0.0017581357091132745, -0.0015596719526743727, -0.0007509854098401488, 0.004007431298819292, 0.0006074327571198372, -0.00030322910027529796, 0.0006592399937910683], [-0.006761978342327489, -0.001160272523160006, -0.00023049739335041515, 0.00026922171588302104, 0.0006074327571198372, 0.003094396837797917, 0.001704155522532046, -0.0004074600474943886], [-0.002938161101457984, -0.00010130376502033982, 6.178540958277166e-05, -0.0002265172691238184, -0.00030322910027529796, 0.001704155522532046, 0.0016214681220966783, -8.737871136657353e-05], [-0.00027303933114071943, -7.467580345590853e-05, 3.337823028627437e-05, -0.0005560469739958377, 0.0006592399937910683, -0.0004074600474943886, -8.737871136657353e-05, 0.0016891172923319008]], [[1.0821441511859482, -0.057181940565993586, 0.04569858420684937, 0.02036295460011557, -0.024761663128929207, -0.09048438044462859, 0.06486681602092213, -0.012628727644454874], [-0.057181940565993586, 0.004163805360220007, -0.0023455935871354457, -0.001360649656569444, 0.001780891574377867, 0.004410208912563914, -0.0033535636828964845, 0.0006238984205745676], [0.04569858420684937, -0.0023455935871354457, 0.006467980663332051, -0.0018349569201639468, -0.0004171417986718759, -0.0023899783022331643, 0.0021325976558775757, -7.579261362386706e-05], [0.02036295460011557, -0.001360649656569444, -0.0018349569201639468, 0.003152177019198969, -0.0017159880126191933, -0.003028365517982693, 0.0016294204776701635, -0.00030439306317187195], [-0.024761663128929207, 0.001780891574377867, -0.0004171417986718759, -0.0017159880126191933, 0.0023287155553106055, 0.0020994706971743196, -0.0017624702980859933, -0.00022589810560806736], [-0.09048438044462859, 0.004410208912563914, -0.0023899783022331643, -0.003028365517982693, 0.0020994706971743196, 0.009483352410099807, -0.005064749618738456, 0.001001579240365801], [0.06486681602092213, -0.0033535636828964845, 0.0021325976558775757, 0.0016294204776701635, -0.0017624702980859933, -0.005064749618738456, 0.004461258078277135, -0.0008108450986280395], [-0.012628727644454874, 0.0006238984205745676, -7.579261362386706e-05, -0.00030439306317187195, -0.00022589810560806736, 0.001001579240365801, -0.0008108450986280395, 0.0008687950448320735]], [[0.27293176475487674, 0.01761245318922351, -0.052654552806338906, 0.01404414976340949, 0.027258470538754718, -0.011922418683011018, 0.0008449825687721562, -0.004606498672292601], [0.01761245318922351, 0.0015061860362998686, -0.002960153490810226, 0.001006728855498696, 0.0017751402725591958, -0.00040731276462675146, 0.000223989523078473, -0.0008758237856152165], [-0.052654552806338906, -0.002960153490810226, 0.010844903634635996, -0.0025579696202040936, -0.005284085686687701, 0.0026139726679941804, -0.00011049663591853778, 7.232367574561786e-05], [0.01404414976340949, 0.001006728855498696, -0.0025579696202040936, 0.0012844337625577806, 0.0007889130365036185, -0.0002975302562569869, 0.0002183714955918053, -0.000773570598670202], [0.027258470538754718, 0.0017751402725591958, -0.005284085686687701, 0.0007889130365036185, 0.00425332845547559, -0.0018825330081703512, -0.0007470046649296311, -0.0008985010973040388], [-0.011922418683011018, -0.00040731276462675146, 0.0026139726679941804, -0.0002975302562569869, -0.0018825330081703512, 0.0022716212117271754, 0.00138104607744719, -0.0006137056880252203], [0.0008449825687721562, 0.000223989523078473, -0.00011049663591853778, 0.0002183714955918053, -0.0007470046649296311, 0.00138104607744719, 0.0013653670213128425, 6.491676209738612e-05], [-0.004606498672292601, -0.0008758237856152165, 7.232367574561786e-05, -0.000773570598670202, -0.0008985010973040388, -0.0006137056880252203, 6.491676209738612e-05, 0.003706761587681843]]]}