{"weights": [0.17222221037315258, 2.0966362133247774e-07, 0.3278402038093256, 0.26383884056341983, 0.14681811021542646, 0.08928042537505416], "means": [[3.766811582340052, 0.46214125073732104, -0.3659101851201471, 0.12357283791591939, -0.025575709714893282, -0.08229749058588244, 0.06370063313873418, -0.01822856018014044], [1.0441739738026021, 0.5546765648610936, -0.527119520959935, 0.0006839080861356778, 0.0491107466795034, 0.039969587573691276, -0.02111548969848252, 0.012886231763053877], [-3.9363673689542056, -0.45034397384881714, 0.10055749125553136, 0.03385405843577279, 0.027683088177851603, -0.00290102215807407, 0.009812949774314007, 0.0031324387687401475], [-2.687062055656615, -0.02506948094837205, -0.20443204938754952, -0.0857517660521196, -0.10540354191617848, -0.004785686498257002, -0.01828330752226986, -0.012750503849282219], [-0.7084788991130544, 1.4423938779855743, 1.0634917049933343, -0.012465684309083708, 0.008548634687034408, -0.005021530362441345, -0.013197324910078797, -0.0001902532124658746], [6.851901264233996, -0.662188239301504, 0.2841875135458044, -0.032817369283867505, -0.002205638713701647, 0.010212211862750925, -0.012422922982466706, 0.0018999324123747845]], "cov": [[[0.15881869751271474, -0.018240728159579955, 0.028792360464899438, -0.007978203170943084, -0.005654656800587438, 0.0004252693979112398, 0.008816332867551156, 0.0005106239004377381], [-0.018240728159579955, 0.0032988484199183076, -0.0012711000054798991, -0.0007505340387029783, 0.0017004873286166904, 0.000227052656243712, -0.0012512256291531683, -0.0002920124964270345], [0.028792360464899438, -0.0012711000054798991, 0.009251710667880138, -0.0045730936456147096, 0.0004704695147707517, 0.0007638464116726194, 0.0008480546818755118, -0.000208458468433634], [-0.007978203170943084, -0.0007505340387029783, -0.0045730936456147096, 0.0036789076246964885, -0.001738881189612098, -0.0006866636318756391, 0.00023205654881109402, 0.0006772380051298226], [-0.005654656800587438, 0.0017004873286166906, 0.0004704695147707516, -0.0017388811896120982, 0.002939736275415954, -1.8413999618268577e-05, -0.0006623803769369293, -0.0010482534405864782], [0.0004252693979112398, 0.000227052656243712, 0.0007638464116726193, -0.0006866636318756392, -1.8413999618268543e-05, 0.0010382387007310514, 0.00021021610764100377, -0.00047493749920763116], [0.008816332867551156, -0.0012512256291531683, 0.0008480546818755116, 0.0002320565488110942, -0.0006623803769369294, 0.00021021610764100377, 0.0010099615494031852, 9.727239074440068e-06], [0.0005106239004377381, -0.00029201249642703454, -0.00020845846843363397, 0.0006772380051298226, -0.001048253440586478, -0.00047493749920763116, 9.727239074440085e-06, 0.0009549134019120984]], [[0.2845998934280954, 0.0032605113038487073, 0.026195417030908354, 0.025940861243504375, -0.01194888590479871, 0.018789844056110633, -0.009484923053393834, -0.0023534719623231194], [0.0032605113038487073, 0.0012313368223681453, 0.0007560605225180354, 6.310495686617055e-05, -0.001247780948395576, -0.000871070495262715, -7.304301856225461e-05, 4.847902439665345e-05], [0.026195417030908354, 0.0007560605225180354, 0.004562678083828525, 0.002894547756062898, -0.0021212536855916464, 0.0027390121759074365, -0.0015138857400339202, 7.372738912313948e-05], [0.025940861243504375, 6.310495686617057e-05, 0.002894547756062898, 0.004687257058376369, -0.0023785361965810363, 0.0026327123721276947, -0.001278842253493225, -0.0007455677795178798], [-0.011948885904798711, -0.001247780948395576, -0.0021212536855916464, -0.0023785361965810367, 0.003929349969962506, -0.0005979924691105901, 0.00010890048360648826, 0.0005565556683611304], [0.018789844056110633, -0.0008710704952627148, 0.0027390121759074365, 0.0026327123721276947, -0.0005979924691105902, 0.00482380391476571, 0.0002830244197370524, -0.00043386832704939577], [-0.009484923053393835, -7.304301856225461e-05, -0.0015138857400339202, -0.001278842253493225, 0.00010890048360648815, 0.0002830244197370525, 0.002289249089766743, -8.37370712551215e-05], [-0.0023534719623231194, 4.847902439665345e-05, 7.372738912313953e-05, -0.0007455677795178798, 0.0005565556683611306, -0.00043386832704939577, -8.373707125512151e-05, 0.0014529729581475184]], [[0.050547661811961755, 0.020870873359903314, -0.01814860449110009, -0.04484929075298314, -0.008566842592805338, -0.0014422366946423998, 0.00039254203447599146, 0.00046937069569491356], [0.020870873359903314, 0.010418701848295159, -0.006274335006525364, -0.018940480353497352, -0.002938160647138548, -0.0008604124951555888, 0.0013377623976171878, 0.0004598256980214498], [-0.01814860449110009, -0.006274335006525364, 0.008003269150473022, 0.01859744328199553, 0.0016243074592914143, 0.0004920891245529295, 0.00031638483889991157, 0.00038900930762704325], [-0.044849290752983134, -0.018940480353497352, 0.018597443281995533, 0.05980971943852756, -0.0016210790330400476, 0.0015534462295944199, -0.0019646642020315092, 0.0012117249327401542], [-0.00856684259280534, -0.002938160647138548, 0.0016243074592914143, -0.0016210790330400484, 0.014440346210632117, -0.0004338695081181091, 0.0011863298678827321, -0.0015831900174686055], [-0.0014422366946423998, -0.0008604124951555888, 0.0004920891245529295, 0.0015534462295944199, -0.0004338695081181091, 0.0019779966463939927, 0.0011987546885094266, -0.00036495141600109346], [0.00039254203447599125, 0.0013377623976171878, 0.0003163848388999117, -0.0019646642020315092, 0.0011863298678827321, 0.0011987546885094266, 0.0023425402133465476, 0.0002885755219530153], [0.00046937069569491356, 0.0004598256980214498, 0.00038900930762704325, 0.0012117249327401542, -0.0015831900174686053, -0.00036495141600109346, 0.0002885755219530151, 0.0038279292963725163]], [[0.030789650140688213, 0.009608815692243092, -0.0063226458736909, 0.004378970041339016, -0.0025789759009547343, -0.0020092090115416327, -0.001318432086069688, -0.0033607180759788733], [0.00960881569224309, 0.0034073407742624506, -0.0016525767016839733, 0.001237693740479149, -0.0016180847062334039, -3.0693217264797034e-05, 0.0003855494760668769, -0.0009560725163382394], [-0.006322645873690899, -0.0016525767016839733, 0.0023734003008682707, -0.001420367347131442, 0.0002737245904116941, 0.0009774794109587183, 0.00012560466589709978, 0.00108251799682518], [0.004378970041339015, 0.001237693740479149, -0.0014203673471314417, 0.0014275784264471407, -0.0008263475187201044, -0.0004306437799694075, -3.314890463318161e-05, -0.0012935072196955959], [-0.0025789759009547343, -0.0016180847062334039, 0.0002737245904116942, -0.0008263475187201044, 0.003554070744804969, -0.0018657283451819749, -0.002740582438640517, 0.0010532330144203113], [-0.0020092090115416323, -3.069321726479699e-05, 0.0009774794109587183, -0.0004306437799694075, -0.0018657283451819753, 0.0022528498604140463, 0.00242517487655518, 0.00014633899070764294], [-0.0013184320860696879, 0.0003855494760668769, 0.00012560466589709978, -3.3148904633181646e-05, -0.002740582438640517, 0.0024251748765551796, 0.003751688773222523, 0.00018437141138764193], [-0.003360718075978873, -0.0009560725163382395, 0.00108251799682518, -0.001293507219695596, 0.0010532330144203113, 0.000146338990707643, 0.00018437141138764196, 0.003057834266054269]], [[0.2859070397140488, 0.018877327125538284, -0.05489142689275099, 0.014745919621466494, 0.028659983810431548, -0.012507721611265402, 0.0009053425927373501, -0.004836371157270143], [0.01887732712553828, 0.00155342792009438, -0.0031693386532155154, 0.0010837977548166663, 0.0018621058942344805, -0.0003686874997263102, 0.0002629802465958776, -0.0010040924749987355], [-0.054891426892750984, -0.0031693386532155154, 0.011345324916727429, -0.0026613658555045263, -0.005553524530359696, 0.0027839879118210344, -0.00012843196433921106, -4.876490817772585e-05], [0.014745919621466493, 0.0010837977548166663, -0.0026613658555045268, 0.0014537781416884704, 0.0007148433204920439, -0.0002453958102467082, 0.00027520806888021223, -0.0008815713035375616], [0.028659983810431545, 0.0018621058942344803, -0.005553524530359696, 0.0007148433204920438, 0.004810615369314911, -0.002161371898077625, -0.0010099097405294494, -0.0010963056008338528], [-0.0125077216112654, -0.00036868749972631033, 0.0027839879118210344, -0.00024539581024670835, -0.002161371898077625, 0.0027326925543830504, 0.0017590817069890689, -0.0007016358129542429], [0.0009053425927373501, 0.0002629802465958776, -0.00012843196433921106, 0.00027520806888021223, -0.0010099097405294496, 0.001759081706989069, 0.001753316242699857, 0.0001654556913743239], [-0.004836371157270142, -0.0010040924749987355, -4.876490817772587e-05, -0.0008815713035375616, -0.001096305600833853, -0.0007016358129542432, 0.00016545569137432393, 0.004550933705685646]], [[0.0006163037691661657, 0.00042847919965312953, 0.0010446623519990569, -0.00037539941692159046, -7.492434226368238e-05, -8.895846013932958e-05, 6.568211968552328e-05, -0.0001157515152351738], [0.0004284791996531295, 0.009569137337847918, 0.007188654618772699, -0.0044399138642230995, 0.0003574272272209946, -0.0022700518911466508, 0.0043104561632213685, -0.0002576438874929693], [0.0010446623519990569, 0.007188654618772698, 0.006545997571165959, -0.0036999615645207577, 0.00023828739135578508, -0.0014697170983775422, 0.0030855329697323523, -0.0003567986335624174], [-0.00037539941692159046, -0.0044399138642230995, -0.0036999615645207577, 0.002256169247208655, -0.00025907487476364556, 0.0010148058220464315, -0.0018995308218913683, 0.00013949692688115057], [-7.492434226368238e-05, 0.0003574272272209945, 0.00023828739135578508, -0.00025907487476364556, 0.00018874898811191835, -0.00015903908505382383, 5.9454971876187896e-05, 1.1592225392770943e-06], [-8.895846013932958e-05, -0.0022700518911466508, -0.0014697170983775424, 0.0010148058220464315, -0.00015903908505382383, 0.0009337191726011005, -0.000865831038688282, -6.098615874629637e-05], [6.568211968552329e-05, 0.0043104561632213685, 0.0030855329697323528, -0.0018995308218913683, 5.945497187618792e-05, -0.000865831038688282, 0.0021047564220254616, -0.00011537199621757651], [-0.0001157515152351738, -0.0002576438874929693, -0.00035679863356241745, 0.00013949692688115057, 1.1592225392770952e-06, -6.098615874629637e-05, -0.00011537199621757648, 0.00019935460194061652]]]}