{"weights": [0.10560272887415663, 0.21623272805818167, 0.31704413769497636, 0.11112625802127067, 0.08937013058119053, 0.16062401677022414], "means": [[-3.730849932424583, 0.4604903734525825, 0.38245695270881197, -0.1343760170895392, -0.03187758363201719, 0.08187059257692805, -0.0641651238903854, 0.017468990434122242], [-1.057194878854718, 0.5559769069607907, 0.5255073758298465, -0.002582792633539679, 0.04640399487684157, -0.04074117418216724, 0.020794482884868754, -0.012517131852939262], [3.922672049727155, -0.44388763494149747, -0.09675713826822299, -0.02446010858902675, 0.024341022321479024, 0.004049289324853014, -0.009289199044310574, -0.0022330990350829722], [2.6914854495818554, -0.02607746299673859, 0.20337210166801195, 0.08604666647630595, -0.10632576819057202, 0.004661795127250493, 0.018215705214203293, 0.012378804265750425], [0.7391051761775267, 1.441082659375756, -1.069815389998975, 0.012987506540877788, 0.0022197716361324477, -0.0014929327273772723, 0.008501045562415729, 0.00022130705888529572], [-6.852771733405199, -0.6523362624869085, -0.2924083271823429, 0.03778257272899024, -0.0016417751479157348, -0.007743239686285724, 0.00834703832490512, -0.001696978703571256]], "cov": [[[0.23095494662510188, 0.026364291458321955, 0.042189846658789575, -0.011878727278941766, 0.008075453106671524, 0.000690836909147255, 0.012761371327271896, 0.0006934577440760365], [0.026364291458321955, 0.004034080229159427, 0.003100668507793867, -1.5259533477930238e-05, 0.0017077727788290362, -0.00013865481595977123, 0.0016315610732199998, 0.0002133438493243055], [0.042189846658789575, 0.003100668507793867, 0.01119990734516629, -0.004693595701553965, 0.0005424835445961985, 0.0007206624544261456, 0.0016890749489912441, 5.498747118917532e-05], [-0.011878727278941766, -1.5259533477930262e-05, -0.004693595701553965, 0.003324139169715861, 0.0012174674200580574, -0.000590995530513033, -9.770902996189723e-05, 0.0005345049776966134], [0.008075453106671522, 0.0017077727788290362, 0.0005424835445961987, 0.0012174674200580572, 0.0029876414519462782, 0.00014055869552760572, 0.0006948047676316574, 0.001098579370461761], [0.000690836909147255, -0.00013865481595977118, 0.0007206624544261456, -0.0005909955305130329, 0.0001405586955276057, 0.0010302568191712595, 0.00024577720026597365, -0.00042813693711834464], [0.012761371327271896, 0.0016315610732199998, 0.0016890749489912441, -9.770902996189726e-05, 0.0006948047676316573, 0.0002457772002659736, 0.0012063059304801285, -2.001385723467688e-05], [0.0006934577440760365, 0.0002133438493243055, 5.498747118917526e-05, 0.0005345049776966134, 0.001098579370461761, -0.0004281369371183446, -2.001385723467688e-05, 0.0010097537999888316]], [[0.330655013345927, -0.0037896398138639003, 0.0304945099851264, 0.03019999754973989, 0.013938475141239387, 0.021888553682322617, -0.01103312401877485, -0.0027445377345250693], [-0.0037896398138639003, 0.001249462368146382, -0.0008194463512132704, -9.433028522005813e-05, -0.001277111739650089, 0.0008346875967163473, 8.144256768189834e-05, -5.773734162304626e-05], [0.0304945099851264, -0.0008194463512132705, 0.004991096431619168, 0.003266760037885919, 0.0023118835666002353, 0.0030379293953106457, -0.001647593619831592, 6.0654095607110024e-05], [0.030199997549739892, -9.433028522005807e-05, 0.003266760037885919, 0.00511961471722751, 0.002559421892580099, 0.0029107882703792325, -0.0014428171480474138, -0.0008105970879757271], [0.013938475141239389, -0.001277111739650089, 0.0023118835666002353, 0.002559421892580099, 0.004024814920239302, 0.0007301298593081932, -0.0001718107729830125, -0.000571816299384946], [0.02188855368232262, 0.0008346875967163474, 0.0030379293953106457, 0.0029107882703792325, 0.0007301298593081932, 0.005046228384719171, 0.00018737938474208473, -0.00045279097946317447], [-0.01103312401877485, 8.144256768189845e-05, -0.001647593619831592, -0.0014428171480474138, -0.00017181077298301256, 0.00018737938474208476, 0.0023595760177674637, -5.958740830697694e-05], [-0.0027445377345250693, -5.7737341623046285e-05, 6.0654095607110024e-05, -0.0008105970879757269, -0.0005718162993849461, -0.0004527909794631744, -5.9587408306977025e-05, 0.0014738719581364945]], [[0.046812520785493965, -0.019322013793719596, -0.01677261564283168, -0.04119334299253717, 0.00792996235409779, -0.0013328159756279079, 0.0003454294362942109, 0.00045462125530426254], [-0.019322013793719596, 0.009769943942992475, 0.005703082712224334, 0.017388575412193377, -0.0026857723795769865, 0.0008429548397627908, -0.0012883762315807218, -0.0004610659806584977], [-0.016772615642831685, 0.005703082712224334, 0.0074782625230880246, 0.017139441542624725, -0.0014969175842228287, 0.00042868979045061073, 0.0003255366086587105, 0.00038186950814482186], [-0.04119334299253718, 0.01738857541219338, 0.017139441542624725, 0.05541426761179152, 0.0015416251068358442, 0.0014212304666765866, -0.0018220883388441697, 0.0011458667731675863], [0.00792996235409779, -0.002685772379576987, -0.0014969175842228287, 0.001541625106835845, 0.013768878714470545, 0.0004232748028632991, -0.001139917792239388, 0.0014838127672320482], [-0.0013328159756279079, 0.0008429548397627906, 0.0004286897904506108, 0.0014212304666765864, 0.000423274802863299, 0.0019316623432545017, 0.0011567242861540426, -0.0003014910068890291], [0.00034542943629421133, -0.0012883762315807218, 0.00032553660865871064, -0.0018220883388441697, -0.0011399177922393876, 0.0011567242861540426, 0.002282848647401978, 0.00034059526997786717], [0.0004546212553042623, -0.0004610659806584976, 0.0003818695081448217, 0.0011458667731675863, 0.0014838127672320482, -0.0003014910068890292, 0.0003405952699778669, 0.00370108363084315]], [[0.0371371240647729, -0.011606521146242109, -0.007668022591505005, 0.005341565683822199, 0.0032235693131929433, -0.0023910987684810786, -0.0015018114851848628, -0.004151875694391026], [-0.011606521146242109, 0.00400845769722693, 0.0020849899599804734, -0.0015316507057094272, -0.0017138774287091243, 0.0002318620410784817, -0.00021912228546869215, 0.0011873263207317474], [-0.007668022591505003, 0.0020849899599804734, 0.0026494696373297708, -0.001627055630659574, -0.00044450184515574154, 0.0010345143355960267, 0.00013982626297280614, 0.001267225670942185], [0.005341565683822199, -0.0015316507057094274, -0.0016270556306595735, 0.0015757406399102471, 0.0008969089977470529, -0.000508035911034636, -9.285749563507809e-05, -0.0014259932011817125], [0.0032235693131929433, -0.0017138774287091243, -0.00044450184515574165, 0.0008969089977470528, 0.0032265603491965587, 0.00152866202975054, 0.0023107544991872327, -0.0010889307327631304], [-0.002391098768481078, 0.00023186204107848173, 0.0010345143355960267, -0.0005080359110346361, 0.0015286620297505398, 0.0020444898099843613, 0.0021203097488775922, 0.00024247363213879822], [-0.0015018114851848628, -0.0002191222854686921, 0.00013982626297280625, -9.285749563507807e-05, 0.0023107544991872327, 0.0021203097488775922, 0.0033163448163410713, 0.00026592785917865374], [-0.004151875694391026, 0.0011873263207317476, 0.001267225670942185, -0.0014259932011817127, -0.0010889307327631304, 0.00024247363213879828, 0.0002659278591786537, 0.003179561874785066]], [[0.3594590879766628, -0.023719389687119834, -0.06903782638165604, 0.018528075555150215, -0.03607910874009156, -0.01576295941003157, 0.0011007076703336979, -0.006095194879425452], [-0.023719389687119834, 0.0018911971508721102, 0.004077318094195887, -0.0013500664599776795, 0.0023449386586920458, 0.0005304269413687077, -0.00030387523069112137, 0.00117608002941943], [-0.06903782638165604, 0.004077318094195888, 0.014095250521583714, -0.0033581808535011006, 0.00699776993761398, 0.0034711669923112843, -0.00013579651861991523, 7.551200017333997e-05], [0.018528075555150215, -0.0013500664599776792, -0.003358180853501101, 0.0017002019768946643, -0.001045560117380655, -0.00038389922524460817, 0.00029264918327872024, -0.0010413102396966572], [-0.03607910874009156, 0.0023449386586920453, 0.00699776993761398, -0.001045560117380655, 0.005620493346939035, 0.002491386548197281, 0.0009849087787167112, 0.0011754048838890484], [-0.015762959410031568, 0.0005304269413687075, 0.003471166992311284, -0.000383899225244608, 0.002491386548197281, 0.0030225815421574447, 0.001833672294843773, -0.0008584292936837732], [0.0011007076703336979, -0.00030387523069112137, -0.00013579651861991523, 0.00029264918327872024, 0.0009849087787167112, 0.001833672294843773, 0.0018049230130376772, 5.869916415578863e-05], [-0.006095194879425452, 0.00117608002941943, 7.551200017333992e-05, -0.0010413102396966574, 0.0011754048838890484, -0.0008584292936837733, 5.869916415578852e-05, 0.004973655950341955]], [[0.0006197980953415505, -0.0004041630907598702, 0.001030543734845294, -0.00036375833640050906, 7.864399986967481e-05, -8.212497853902282e-05, 5.546197650116854e-05, -0.00011616183825354732], [-0.0004041630907598702, 0.009285398918107104, -0.006956569322308899, 0.00430162051860359, 0.00034669280476648973, 0.0022064775131612198, -0.00418528389510512, 0.0002476664744172615], [0.001030543734845294, -0.006956569322308899, 0.006366134084978921, -0.003590446774047643, -0.0002299691630351026, -0.0014157910764129823, 0.0029814826030852538, -0.0003499058241304839], [-0.000363758336400509, 0.00430162051860359, -0.003590446774047643, 0.0021913110086560295, 0.0002556255434781298, 0.000981349635373171, -0.001838221784857738, 0.0001353661149136221], [7.864399986967481e-05, 0.00034669280476648973, -0.0002299691630351026, 0.0002556255434781298, 0.00019081531926722626, 0.00015368221225057357, -5.490398503129491e-05, -4.976922711712803e-07], [-8.212497853902282e-05, 0.0022064775131612198, -0.0014157910764129823, 0.000981349635373171, 0.00015368221225057357, 0.0009156014159004216, -0.0008413022745907647, -6.211502180805322e-05], [5.5461976501168524e-05, -0.00418528389510512, 0.0029814826030852538, -0.001838221784857738, -5.490398503129491e-05, -0.0008413022745907644, 0.00204848602383566, -0.0001095051396280114], [-0.00011616183825354732, 0.0002476664744172615, -0.0003499058241304839, 0.0001353661149136221, -4.976922711712824e-07, -6.211502180805323e-05, -0.0001095051396280114, 0.00020031223178235342]]]}