{"weights": [0.17222190210595462, 0.16667294950823358, 0.29998484790153324, 0.11097316186198775, 0.10591140947360983, 0.14423572914868102], "means": [[3.7183507177491744, 0.4613454558724095, -0.38867615267120764, 0.13232176987844999, -0.027365246757335687, -0.08000340064830877, 0.0644882161718362, -0.022663522818438326], [1.0563279665225422, 0.558356238828004, -0.5243567175890284, 0.0060274446499703465, 0.04638626208681598, 0.034553174517759244, -0.023937067310172616, 0.014971361206506004], [-3.9234828836651925, -0.4434741819464732, 0.09473070281484801, 0.021621373204621878, 0.023622529602561688, -0.0014067411153766574, 0.01323853865041692, 0.00010603545359784154], [-2.684987505175007, -0.025053662796005648, -0.20568506103131845, -0.0847920003122231, -0.10543150524239837, -0.007991426345323358, -0.022140786112732604, -0.019613219207528107], [-0.7347602592228573, 1.4411763715906187, 1.0695003568996972, -0.011326281502670586, -0.0023043843582386658, 0.002208902676106182, -0.006644206164342974, 0.000848385431879615], [6.854503157372488, -0.6507775925263037, 0.29404599564814526, -0.03852195102726832, -0.002352830249903171, 0.006013715523771735, -0.00811081534153893, 0.0021332572358336516]], "cov": [[[0.1898679325707475, -0.021749761542238958, 0.03456140061491804, -0.009614448467139708, -0.006781796493802052, 0.0005360656136415844, 0.010512598296960942, 0.0006370289315433443], [-0.021749761542238958, 0.0036930825227140646, -0.0019352302416161347, -0.0005619260168981105, 0.0019230548615842107, 0.00019453690185899383, -0.0014417500653683812, -0.0003356667936937567], [0.03456140061491804, -0.0019352302416161347, 0.010163805014128495, -0.0049439765867006135, 0.0005379850161089173, 0.0007324710661534154, 0.0012043359268375973, -0.0003027523855441574], [-0.009614448467139707, -0.0005619260168981107, -0.0049439765867006135, 0.0037468917276200953, -0.0016958462795143858, -0.0007151024797997041, 0.00019059661160410443, 0.0007288463889245392], [-0.006781796493802052, 0.0019230548615842107, 0.0005379850161089174, -0.0016958462795143856, 0.002615148118550664, -2.30403098797561e-05, -0.0007803737107406039, -0.000803824242535502], [0.0005360656136415844, 0.00019453690185899388, 0.0007324710661534155, -0.0007151024797997041, -2.3040309879756044e-05, 0.0012409576042665888, 0.00030464435503968967, -0.0006471244294085915], [0.010512598296960942, -0.0014417500653683814, 0.001204335926837597, 0.00019059661160410443, -0.0007803737107406039, 0.0003046443550396897, 0.0011211961106340114, -3.522103084497686e-05], [0.0006370289315433443, -0.0003356667936937567, -0.00030275238554415746, 0.0007288463889245391, -0.0008038242425355017, -0.0006471244294085916, -3.5221030844976916e-05, 0.000839621067348594]], [[0.3911317606844734, 0.004484876990741793, 0.036136917339984954, 0.035786580463944874, -0.016551615530046228, 0.025958021405071002, -0.013059443454293572, -0.003257795801790179], [0.004484876990741792, 0.0013364545339768098, 0.0009904158381542254, 4.2275411208488536e-05, -0.0013018657722474217, -0.0007260354412471579, 5.0560752225816955e-06, 0.00018289268160070303], [0.03613691733998495, 0.0009904158381542256, 0.005720178214112923, 0.003599220755575161, -0.0025803665867732764, 0.0034924093869365624, -0.0017491220737034952, 0.0002501447625980645], [0.035786580463944874, 4.227541120848867e-05, 0.003599220755575161, 0.005916440593422759, -0.0027448455499711906, 0.0032113595460162947, -0.0018085543388236811, -0.0011510280236206663], [-0.016551615530046228, -0.0013018657722474217, -0.0025803665867732764, -0.0027448455499711906, 0.0041605664825505855, -0.0009581207899226207, 0.00021149465821131329, 0.0005957167564031388], [0.025958021405071, -0.0007260354412471579, 0.0034924093869365624, 0.0032113595460162942, -0.0009581207899226207, 0.0053107875316942875, 9.042665008799618e-05, -0.0004128993003026939], [-0.013059443454293572, 5.056075222581685e-06, -0.0017491220737034952, -0.0018085543388236811, 0.0002114946582113134, 9.04266500879962e-05, 0.0025757566406681446, 1.7420185243141182e-05], [-0.003257795801790179, 0.00018289268160070297, 0.00025014476259806444, -0.0011510280236206663, 0.0005957167564031388, -0.000412899300302694, 1.742018524314115e-05, 0.0014921438517807037]], [[0.03207095172308503, 0.013420779620194315, -0.010780394867619959, -0.023968870322022107, -0.006808180763444502, -0.0009342232975406533, 7.493647346830796e-05, 0.0007890579215207944], [0.013420779620194317, 0.007270767047379228, -0.0033760498152006725, -0.009885880076586756, -0.0018314556564100715, -0.0005855534545600972, 0.001196555734194725, 0.0006017296733092926], [-0.01078039486761996, -0.0033760498152006725, 0.005076598464115721, 0.01096242117616445, 0.0011799031895806862, 0.0003522647110238717, 0.00042712731020405474, 0.0003154199745160063], [-0.023968870322022107, -0.009885880076586756, 0.01096242117616445, 0.03847921217447975, -0.0032039213503090233, 0.000812868037994843, -0.0012902546561716457, 0.0013342279875743252], [-0.006808180763444502, -0.0018314556564100718, 0.0011799031895806862, -0.0032039213503090224, 0.015478461045465438, -0.0006183184721415692, 0.001497577071322052, -0.0014877796049242136], [-0.0009342232975406533, -0.0005855534545600972, 0.0003522647110238717, 0.000812868037994843, -0.0006183184721415692, 0.0017954890670031226, 0.0010532900604559691, -0.000554436600064737], [7.493647346830796e-05, 0.001196555734194725, 0.00042712731020405474, -0.001290254656171646, 0.001497577071322052, 0.0010532900604559691, 0.0021875469352787987, 9.21635898159169e-05], [0.0007890579215207946, 0.0006017296733092926, 0.0003154199745160062, 0.0013342279875743252, -0.001487779604924214, -0.000554436600064737, 9.216358981591679e-05, 0.00359476897603213]], [[0.048132470013456774, 0.01508358421841374, -0.009981683693833003, 0.0069319948526756795, -0.004296665171656778, -0.0030182767890888835, -0.0017533376226814947, -0.005332857711550483], [0.01508358421841374, 0.005040414934359707, -0.002861648839847591, 0.002020942628306679, -0.0018198551176345204, -0.0006033579223802578, -4.799499500158868e-05, -0.0013899669463198927], [-0.009981683693833003, -0.0028616488398475917, 0.002901566737659309, -0.001961178161685598, 0.0008197354988073745, 0.0010429481224687657, 0.000338727836682103, 0.0019305720100908162], [0.0069319948526756795, 0.002020942628306679, -0.0019611781616855977, 0.0019389286634381917, -0.001141210035134646, -0.0007128530958809688, -0.0003291200809848121, -0.0020136839886869527], [-0.004296665171656778, -0.0018198551176345204, 0.0008197354988073743, -0.001141210035134646, 0.0026271056096203644, -0.0007545412124013799, -0.0014034755438126563, 0.0012145897151325236], [-0.0030182767890888835, -0.0006033579223802578, 0.0010429481224687657, -0.0007128530958809688, -0.0007545412124013796, 0.0016173894777419965, 0.0015945384954464362, 0.0005588450747109833], [-0.0017533376226814947, -4.799499500158864e-05, 0.0003387278366821031, -0.00032912008098481214, -0.0014034755438126563, 0.0015945384954464364, 0.0023515463101498038, 0.0004522458038050753], [-0.005332857711550483, -0.001389966946319893, 0.0019305720100908157, -0.0020136839886869527, 0.0012145897151325234, 0.0005588450747109831, 0.0004522458038050753, 0.004201931628707509]], [[0.44299346707976733, 0.0291879888046218, -0.08516032860545285, 0.022803350554890144, 0.04452771363853842, -0.01949030940779783, 0.0013138317873124465, -0.007451764240224513], [0.029187988804621798, 0.0021335137977470365, -0.005305212619275479, 0.0015891368636364823, 0.0029142564138568082, -0.0009405753895394943, 0.00024410320416534955, -0.0010215537600653769], [-0.08516032860545286, -0.00530521261927548, 0.016904750858631357, -0.004251469940221736, -0.008555165507010019, 0.004003069677881394, -0.00025069945684287, 0.0006350024362499669], [0.022803350554890144, 0.0015891368636364823, -0.004251469940221736, 0.0017028960213604065, 0.0016373070683488053, -0.0006499728019176887, 0.0003086124034364804, -0.0007994330190535255], [0.04452771363853842, 0.0029142564138568087, -0.008555165507010019, 0.0016373070683488053, 0.006289302172469176, -0.002938297459469413, -0.0010523484353061057, -0.0015202750610573293], [-0.01949030940779783, -0.0009405753895394942, 0.004003069677881394, -0.0006499728019176887, -0.002938297459469413, 0.0027559020542192404, 0.0016030375692885248, -9.870888712084348e-05], [0.0013138317873124465, 0.00024410320416534955, -0.00025069945684287, 0.0003086124034364804, -0.0010523484353061059, 0.0016030375692885246, 0.0016889015696234348, 0.0004354287712196259], [-0.007451764240224512, -0.0010215537600653769, 0.0006350024362499669, -0.0007994330190535253, -0.0015202750610573295, -9.870888712084352e-05, 0.000435428771219626, 0.003761363642848977]], [[0.0005540497269544723, 0.00020940486534011275, 0.0007453166000948861, -0.00024451324262459893, -5.969182944741298e-05, -0.00015567533006241666, -6.34932591961727e-05, -5.9631212443708416e-05], [0.00020940486534011275, 0.006084801713115894, 0.004466317715154819, -0.002780725933415283, 0.00021851102639921453, -0.0014569547439934626, 0.0027614307281429197, -0.0001541252911699435], [0.0007453166000948861, 0.004466317715154819, 0.004242988274469882, -0.0023503934622211716, 0.00013891250596991455, -0.000847233001000661, 0.0019071310876681217, -0.00025475198958928763], [-0.00024451324262459893, -0.0027807259334152834, -0.0023503934622211716, 0.001474907396018188, -0.00023705181287774724, 0.000701346625174167, -0.0011236309463049923, 6.57033860194533e-05], [-5.969182944741298e-05, 0.00021851102639921453, 0.00013891250596991455, -0.00023705181287774721, 0.00024819910859975414, -0.00024626591661313946, -8.654764863574048e-05, 4.010321205772559e-05], [-0.00015567533006241664, -0.0014569547439934626, -0.0008472330010006608, 0.0007013466251741669, -0.00024626591661313946, 0.0011068666406420437, -0.0002852118535813467, -0.0001890675960722785], [-6.34932591961727e-05, 0.0027614307281429197, 0.0019071310876681217, -0.0011236309463049923, -8.654764863574048e-05, -0.0002852118535813469, 0.001545376532179451, -0.00013908619159023027], [-5.963121244370841e-05, -0.0001541252911699435, -0.00025475198958928763, 6.570338601945329e-05, 4.010321205772559e-05, -0.00018906759607227852, -0.00013908619159023027, 0.00021038229473400286]]]}