{"weights": [0.4883702945566149, 0.3105481111178024, 0.20108159432558276], "means": [[-2.10976922235135, -0.5224984504185842, 0.03743121892455804, -0.021005975491260175, 0.007575521422846129, 0.00010383976459929834, -0.007104424079623111, -0.0058267215980401], [4.011746021669981, -2.7142234168258765, -0.04614490974518721, 0.06789080173113439, -0.022401892272348678, -0.004428996142876524, -0.009898805475516513, -0.0076910160341942795], [1.8182123323603134, 3.6090950972860827, -0.05150603815839698, -0.0054587206360064665, -9.624692878508927e-05, 0.004002223214426001, 0.026319027495419665, 0.020757070357085284]], "cov": [[[0.022360564442523843, -0.009452633375185092, 0.00627768332880651, -0.05794855413360797, 0.01841464462213953, -0.01594871581434879, -0.008754120189560476, 0.004875823668859334], [-0.009452633375185092, 0.03054502904824652, -0.014990252809740989, 0.04845928374078413, -0.03311447784994187, 0.003508745680647273, -0.01940204779002104, -0.005146847838894673], [0.00627768332880651, -0.014990252809740989, 0.018414850154648856, -0.07685973073627235, 0.028805362848490872, -0.007715642167804163, 0.01634133423661102, -0.006223018190687086], [-0.05794855413360797, 0.04845928374078413, -0.07685973073627235, 0.43421598200253, -0.13322189980750362, 0.07093359559505508, -0.020102106727409377, 0.02721832333062624], [0.01841464462213953, -0.03311447784994187, 0.028805362848490872, -0.13322189980750362, 0.0640016789421324, -0.01033146324598871, 0.010175573760538676, -0.013164223175690076], [-0.01594871581434879, 0.003508745680647273, -0.007715642167804163, 0.07093359559505508, -0.01033146324598871, 0.03095875936845381, -0.0035022207507384973, -0.012700182100887697], [-0.008754120189560476, -0.01940204779002104, 0.01634133423661102, -0.020102106727409377, 0.010175573760538676, -0.0035022207507384973, 0.05117346917061939, 0.009282720413051162], [0.004875823668859334, -0.005146847838894673, -0.006223018190687086, 0.02721832333062624, -0.013164223175690076, -0.012700182100887697, 0.009282720413051162, 0.024721187096054902]], [[11.43834128837692, -4.956832325682084, -0.4689685650765243, -2.3176819824833266, 0.4261614130006895, -0.6144812249953132, -0.17204039716078381, -0.07271768582083939], [-4.956832325682084, 5.468075130220234, 2.010428732060622, 0.9840835296245728, 0.004119985179575142, 0.23421041953849875, 0.02243869840474154, 0.001971851922412581], [-0.4689685650765243, 2.010428732060622, 1.1715194873976722, 0.025564278160372635, 0.035108311762471624, 0.0276596445035251, 0.0054663027662390055, 0.023006436508483042], [-2.3176819824833266, 0.9840835296245728, 0.025564278160372635, 1.1651009113699506, 0.22716652830816259, -0.10911544583091119, 0.07062682733060249, -0.048685959221976445], [0.4261614130006895, 0.004119985179575142, 0.035108311762471624, 0.22716652830816259, 0.6811757237165752, -0.0219631086540929, -0.09891728194562677, 0.023956595904187816], [-0.6144812249953132, 0.23421041953849875, 0.0276596445035251, -0.10911544583091119, -0.0219631086540929, 0.2555495854813609, -0.04950279902182218, 0.0379135679287439], [-0.17204039716078381, 0.02243869840474154, 0.0054663027662390055, 0.07062682733060249, -0.09891728194562677, -0.04950279902182218, 0.07769046274128699, 0.014384008418231236], [-0.07271768582083939, 0.001971851922412581, 0.023006436508483042, -0.048685959221976445, 0.023956595904187816, 0.0379135679287439, 0.014384008418231236, 0.15547738824134827]], [[0.11930824527677629, -0.1257120354742999, 0.3078328777523039, 0.058539502915925856, 0.09567834491017847, 0.0031283016767793903, 0.012027341439327007, 0.014019109575531978], [-0.1257120354742999, 0.37542434471625474, 0.1909138831527216, -0.08136469727416337, -0.12675801678067192, -0.0024084593553700857, 0.0004755744433241411, 0.0166010141272441], [0.3078328777523039, 0.1909138831527216, 3.8260392643924566, 0.16464712429214545, -0.1264085564584292, -0.006685740970565369, -0.025582228178886262, -0.004852983963162209], [0.058539502915925856, -0.08136469727416337, 0.16464712429214545, 0.09690104761532135, 0.0015971380887214869, -0.015217437241103101, -0.06007454786091594, 0.010448175176349396], [0.09567834491017847, -0.12675801678067192, -0.1264085564584292, 0.0015971380887214869, 0.23714308199434658, 0.06338991717833908, 0.1292484986801227, -0.004547871016699181], [0.0031283016767793903, -0.0024084593553700857, -0.006685740970565369, -0.015217437241103101, 0.06338991717833908, 0.04942982155771422, 0.08567992789103765, -0.027211457759149002], [0.012027341439327007, 0.0004755744433241411, -0.025582228178886262, -0.06007454786091594, 0.1292484986801227, 0.08567992789103765, 0.21352177170940823, -0.04469248078574556], [0.014019109575531978, 0.0166010141272441, -0.004852983963162209, 0.010448175176349396, -0.004547871016699181, -0.027211457759149002, -0.04469248078574556, 0.039362409481950605]]]}