{"weights": [0.17222172215308537, 0.16667266079360057, 0.2999865894914771, 0.12778686445101992, 0.15555085422460374, 0.07778130888621336], "means": [[-6.852070086085123, -0.6535946399613376, -0.29128677539767683, 0.03714238589551527, -0.001650666365545789, -0.008086621177082212, 0.008877179555251458, -0.001763106275705616, 0.002316409667549576, 0.0010506271042155135], [4.115110084218771, -0.5195677226657376, -0.17420975810988426, -0.22285597457056164, 0.042348456708401774, -0.0005228061767577073, -0.007820466376027535, -0.008811539702158627, 0.0010286324847402525, -0.006578715907332045], [3.2423040937219425, -0.2071516314295838, 0.08655655094337578, 0.14032623375135492, -0.044631825770374584, 0.0069807721775409, 0.002261605255557797, 0.008716648228325184, -0.00043440399616719727, 0.003712031830467515], [-0.6909039964509145, 0.5551515645838312, 0.5681404440236091, 0.038490121561117856, 0.06463582984833667, -0.005459826554889624, 0.004630604428837587, -0.015160078003999225, 0.006439098041292638, 0.008984653159978376], [-2.873185044215219, 0.5029056577326396, 0.4096321403898646, -0.11084757326052452, -0.012250217593529216, 0.00101395004784119, -0.013971435981183543, 0.006667450931288444, -0.008221272872852986, -0.01205810624481665], [0.7298162026717383, 1.4416722978986223, -1.0681667221939428, 0.012537550333143322, 0.0033532686329393775, -0.0009556974128192161, 0.008712914865132858, 0.0007397861915816937, 0.00020478271359054918, 0.006807799785667378]], "cov": [[[0.005681408611953069, -0.0003003732271908451, 0.0009672533646367944, -0.0004424581037832019, 9.201234145890424e-05, -7.128819340192836e-05, 4.359290538346739e-05, -0.00010581422593594502, 4.877543014679449e-05, 0.0004086149099106576], [-0.0003003732271908451, 0.00826033533440508, -0.006192097999661763, 0.003826428287491148, 0.00030852880465192145, 0.0019619130636226866, -0.003722378865240762, 0.0002208856012955617, -2.1138350181980128e-06, -0.0035588229634152765], [0.0009672533646367944, -0.006192097999661763, 0.005659740301726935, -0.003195144582659103, -0.000204991446971082, -0.0012618317489916262, 0.002655057455681986, -0.0003103227709811946, 3.3385894658462534e-05, 0.0031071996587915636], [-0.0004424581037832019, 0.003826428287491148, -0.003195144582659103, 0.0019530363502412707, 0.00022721780110744133, 0.0008731303012044762, -0.001635885874361184, 0.00012058090761041323, 3.545395007699561e-05, -0.0018144496687486332], [9.201234145890424e-05, 0.00030852880465192145, -0.000204991446971082, 0.00022721780110744133, 0.0001703570580878284, 0.0001360060155095542, -4.909036668263915e-05, -2.9512150127886326e-07, 7.522524110003496e-05, -0.00016206780216159608], [-7.128819340192836e-05, 0.0019619130636226866, -0.0012618317489916262, 0.0008731303012044762, 0.0001360060155095542, 0.0008123819963863842, -0.0007484138065155211, -5.455613652796464e-05, 6.123870695276678e-05, -0.0007976521787500258], [4.359290538346739e-05, -0.003722378865240762, 0.002655057455681986, -0.001635885874361184, -4.909036668263915e-05, -0.0007484138065155211, 0.0018209591745139279, -9.788595220088901e-05, 5.3955707590279224e-05, 0.0015088828068528708], [-0.00010581422593594502, 0.0002208856012955617, -0.0003103227709811946, 0.00012058090761041323, -2.9512150127886326e-07, -5.455613652796464e-05, -9.788595220088901e-05, 0.00017695092985359212, -1.168225481231175e-05, -0.00012967402212046513], [4.877543014679449e-05, -2.1138350181980128e-06, 3.3385894658462534e-05, 3.545395007699561e-05, 7.522524110003496e-05, 6.123870695276678e-05, 5.3955707590279224e-05, -1.168225481231175e-05, 0.00022806951513554854, 5.3047243652860416e-05], [0.0004086149099106576, -0.0035588229634152765, 0.0031071996587915636, -0.0018144496687486332, -0.00016206780216159608, -0.0007976521787500258, 0.0015088828068528708, -0.00012967402212046513, 5.3047243652860416e-05, 0.0018166687738182207]], [[0.007305002675525882, -0.0008886298200162406, 0.00043706902838185774, 0.0006142863424458297, 0.0017998390697161622, -5.835120745174958e-05, -0.000552180642429519, 0.00027255821240816425, 0.0002756538870973829, -3.843155413645124e-05], [-0.0008886298200162406, 0.002599814419793744, -0.001158560159975833, 0.002387805319508932, 0.0030079917869634573, 0.0003179597253200535, -0.0013010742044847778, 0.00017547796979620005, -0.0003447207413225327, 7.729649673602936e-05], [0.00043706902838185774, -0.001158560159975833, 0.000681926270299413, -0.00047565169798402827, -0.001186532127641894, -0.00010913635184773456, 0.00044656517061255637, -0.0003863430830127907, 5.460122959827145e-05, 0.0001041932500323272], [0.0006142863424458297, 0.002387805319508932, -0.00047565169798402827, 0.016312178317032043, 0.005943514986275186, 0.0010997886155854715, -0.0022783309573233736, -0.0009521394572039065, -0.0013027783605624452, -0.000990729950204917], [0.0017998390697161622, 0.0030079917869634573, -0.001186532127641894, 0.005943514986275186, 0.01438551353041965, 0.0012348815300040673, -0.0036144742265746483, 0.00027375988979707456, -0.0001546899387666596, 0.0016139072981509635], [-5.835120745174958e-05, 0.0003179597253200535, -0.00010913635184773456, 0.0010997886155854715, 0.0012348815300040673, 0.0011568556595082423, 0.0005637019313682925, -0.0006701754408912237, 0.0003582527299282266, 7.567301590036739e-05], [-0.000552180642429519, -0.0013010742044847778, 0.00044656517061255637, -0.0022783309573233736, -0.0036144742265746483, 0.0005637019313682925, 0.002365182008481249, -0.0001919748978090554, 0.00018541847572732187, -0.00019792234051480096], [0.00027255821240816425, 0.00017547796979620005, -0.0003863430830127907, -0.0009521394572039065, 0.00027375988979707456, -0.0006701754408912237, -0.0001919748978090554, 0.003060268746724375, -0.00013857643505627213, -2.6557985653152724e-05], [0.0002756538870973829, -0.0003447207413225327, 5.460122959827145e-05, -0.0013027783605624452, -0.0001546899387666596, 0.0003582527299282266, 0.00018541847572732187, -0.00013857643505627213, 0.0015306108246007522, -0.00012334318081881073], [-3.843155413645124e-05, 7.729649673602936e-05, 0.0001041932500323272, -0.000990729950204917, 0.0016139072981509635, 7.567301590036739e-05, -0.00019792234051480096, -2.6557985653152724e-05, -0.00012334318081881073, 0.0010222925424219897]], [[0.2832703405430927, -0.09393165881122068, -0.05920095369598985, 0.02996964973050675, 0.03454602492818329, -0.00020116455967976012, -0.007953457331226849, -0.0019514153743281615, -0.005665569223806297, -0.0016111399568417269], [-0.09393165881122068, 0.0321219330677468, 0.01895423119957924, -0.01011778009918017, -0.013467375162540448, 2.8775985276820206e-05, 0.001969192602419544, 1.0630549405582679e-05, 0.001808768159643881, 0.00019234901558183443], [-0.05920095369598985, 0.01895423119957924, 0.013265609764484713, -0.006217943736530059, -0.005899790930617793, 0.0002789068015796668, 0.0019159808511197483, 0.0009545763023453282, 0.0010668144940095044, 0.0005212220714143471], [0.02996964973050675, -0.01011778009918017, -0.006217943736530059, 0.0050386214020143386, 0.005329181840514406, -0.00030053700077351203, -0.0009822886448184432, -0.000592173416188063, -0.0004103703296434257, -0.000183858843065958], [0.03454602492818329, -0.013467375162540448, -0.005899790930617793, 0.005329181840514406, 0.010516549072374093, 0.000568893012364606, 0.0008691852647136155, 0.0008325987793711716, -0.0002182595565042515, 0.0003089699138541027], [-0.00020116455967976012, 2.8775985276820206e-05, 0.0002789068015796668, -0.00030053700077351203, 0.000568893012364606, 0.0021386508137238693, 0.00170209132910958, 0.00010684232406705237, -0.00012957811107263014, -0.0005027672931547358], [-0.007953457331226849, 0.001969192602419544, 0.0019159808511197483, -0.0009822886448184432, 0.0008691852647136155, 0.00170209132910958, 0.002575949865635949, 0.0006312114266203683, -0.00011785767686219293, -1.9948091342813453e-05], [-0.0019514153743281615, 1.0630549405582679e-05, 0.0009545763023453282, -0.000592173416188063, 0.0008325987793711716, 0.00010684232406705237, 0.0006312114266203683, 0.003320098124269262, 0.00018438709831831017, 0.00015254844101752498], [-0.005665569223806297, 0.001808768159643881, 0.0010668144940095044, -0.0004103703296434257, -0.0002182595565042515, -0.00012957811107263014, -0.00011785767686219293, 0.00018438709831831017, 0.0026619088217618436, -0.00010186960215414755], [-0.0016111399568417269, 0.00019234901558183443, 0.0005212220714143471, -0.000183858843065958, 0.0003089699138541027, -0.0005027672931547358, -1.9948091342813453e-05, 0.00015254844101752498, -0.00010186960215414755, 0.0011282867706617597]], [[0.04809331696445784, -0.005130396038275019, -0.0005055978282780475, 0.0004988023200625491, 0.0003751894880853253, -0.006761973704352869, -0.0029381723187401824, -0.00027302767795773673, -0.00029960454485039627, -0.0011638742340666923], [-0.005130396038275019, 0.001506463113607702, -0.0006807923995737266, -0.000140396369220848, -0.0017581158383155686, 0.0011602717525918613, 0.0001013054018620456, 7.467399471991421e-05, 0.00037914907089843584, 0.0005151390217805175], [-0.0005055978282780475, -0.0006807923995737266, 0.0008051130730942403, 0.0002996634700070808, 0.0015596840908702193, -0.00023049762491825744, 6.178640255797798e-05, 3.337710575933662e-05, -8.301506934722938e-05, -0.00027657742936444435], [0.0004988023200625491, -0.000140396369220848, 0.0002996634700070808, 0.0011001613961509366, 0.0007509829559040425, 0.0002692217304869757, -0.00022651752383487375, -0.0005560466665710699, 0.0008044184203718213, 0.0003133737821597655], [0.0003751894880853253, -0.0017581158383155686, 0.0015596840908702193, 0.0007509829559040425, 0.004007437297749528, -0.0006074327083585316, 0.0003032297171371601, -0.0006592405972979011, -0.00037354990829341025, -0.0006700250012114132], [-0.006761973704352869, 0.0011602717525918613, -0.00023049762491825744, 0.0002692217304869757, -0.0006074327083585316, 0.003094396494180651, 0.001704155407175476, -0.0004074599547125959, 0.00039646843709605464, -8.928187484246022e-05], [-0.0029381723187401824, 0.0001013054018620456, 6.178640255797798e-05, -0.00022651752383487375, 0.0003032297171371601, 0.001704155407175476, 0.001621468053483749, -8.73787143944765e-05, -0.00046231095848363346, -0.00046455689169276273], [-0.00027302767795773673, 7.467399471991421e-05, 3.337710575933662e-05, -0.0005560466665710699, -0.0006592405972979011, -0.0004074599547125959, -8.73787143944765e-05, 0.0016891172257772265, -0.00045193569562458695, -0.0002865727722025006], [-0.00029960454485039627, 0.00037914907089843584, -8.301506934722938e-05, 0.0008044184203718213, -0.00037354990829341025, 0.00039646843709605464, -0.00046231095848363346, -0.00045193569562458695, 0.0014537784318939685, 0.0004626052793437693], [-0.0011638742340666923, 0.0005151390217805175, -0.00027657742936444435, 0.0003133737821597655, -0.0006700250012114132, -8.928187484246022e-05, -0.00046455689169276273, -0.0002865727722025006, 0.0004626052793437693, 0.0012057531233280693]], [[1.0821452847274138, 0.057181962611168216, 0.045698698132570145, 0.020363051083685104, 0.02476174217463229, -0.09048435612695069, 0.06486681048753346, -0.012628742960819261, 0.0022044412710889045, -0.019830610692200497], [0.057181962611168216, 0.004163805290664584, 0.0023455961783116087, 0.0013606522251103446, 0.0017808930430840099, -0.004410207084521176, 0.0033535630355012026, -0.000623898908426187, -6.0215808564179e-05, -0.0009277339827417952], [0.045698698132570145, 0.0023455961783116087, 0.006467989380080342, -0.001834947391309814, 0.00041714939341027166, -0.002389978775492535, 0.0021325984867547067, -7.579416975153137e-05, 0.0002292553634723051, -0.00041979941169876335], [0.020363051083685104, 0.0013606522251103446, -0.001834947391309814, 0.0031521826314086926, 0.001715993066843189, -0.00302836505002927, 0.001629421298378692, -0.00030439435342634785, 0.0004593354752361822, -0.0011694734016565102], [0.02476174217463229, 0.0017808930430840099, 0.00041714939341027166, 0.001715993066843189, 0.002328720121895678, -0.002099471098678082, 0.0017624705978269446, 0.00022589707571359633, 0.0008720833356118734, -0.0007238285098424669], [-0.09048435612695069, -0.004410207084521176, -0.002389978775492535, -0.00302836505002927, -0.002099471098678082, 0.009483349011891845, -0.005064747418097278, 0.0010015787309618112, -2.1551510600777477e-05, 0.0019620969872924643], [0.06486681048753346, 0.0033535630355012026, 0.0021325984867547067, 0.001629421298378692, 0.0017624705978269446, -0.005064747418097278, 0.004461256583222041, -0.0008108451598826436, 0.00039977496078515563, -0.0014379548858624175], [-0.012628742960819261, -0.000623898908426187, -7.579416975153137e-05, -0.00030439435342634785, 0.00022589707571359633, 0.0010015787309618112, -0.0008108451598826436, 0.0008687950921166383, 0.00023808180755614144, 0.0003316975502119438], [0.0022044412710889045, -6.0215808564179e-05, 0.0002292553634723051, 0.0004593354752361822, 0.0008720833356118734, -2.1551510600777477e-05, 0.00039977496078515563, 0.00023808180755614144, 0.0010915303169250397, -0.00040362171028425145], [-0.019830610692200497, -0.0009277339827417952, -0.00041979941169876335, -0.0011694734016565102, -0.0007238285098424669, 0.0019620969872924643, -0.0014379548858624175, 0.0003316975502119438, -0.00040362171028425145, 0.0011118951229247022]], [[0.27293190739987727, -0.017612424059116703, -0.05265458997616798, 0.014044151949566944, -0.02725847068727651, -0.01192242059461485, 0.0008449855570658062, -0.004606499805038189, 0.008662083514749943, 0.01043899166645402], [-0.017612424059116703, 0.0015061918601082095, 0.002960145935916465, -0.00100672838488012, 0.0017751402094159953, 0.00040731236023775337, -0.0002239889192442563, 0.0008758235535996899, -0.0004843921365546722, -0.0007387567012293373], [-0.05265458997616798, 0.002960145935916465, 0.010844913305773854, -0.002557970194207639, 0.0052840857361434205, 0.0026139731676284323, -0.00011049741237908355, 7.232397620806633e-05, -0.0016611072370134826, -0.0020732794324998124], [0.014044151949566944, -0.00100672838488012, -0.002557970194207639, 0.0012844338044790955, -0.0007889130123176387, -0.00029753028685033857, 0.00021837154439551386, -0.0007735706025841068, 0.00035926931839671227, 0.0001099832217187267], [-0.02725847068727651, 0.0017751402094159953, 0.0052840857361434205, -0.0007889130123176387, 0.004253328471822753, 0.001882532997881725, 0.0007470046585239667, 0.0008985011123248295, -0.0011691537747520193, -0.0017753076541970076], [-0.01192242059461485, 0.00040731236023775337, 0.0026139731676284323, -0.00029753028685033857, 0.001882532997881725, 0.0022716212261346025, 0.0013810460282414764, -0.0006137056699063834, -0.0008828237902174874, -0.00021110602437774388], [0.0008449855570658062, -0.0002239889192442563, -0.00011049741237908355, 0.00021837154439551386, 0.0007470046585239667, 0.0013810460282414764, 0.0013653670765351518, 6.491673954908972e-05, -0.00040717797110770667, 0.0001711718817627641], [-0.004606499805038189, 0.0008758235535996899, 7.232397620806633e-05, -0.0007735706025841068, 0.0008985011123248295, -0.0006137056699063834, 6.491673954908972e-05, 0.003706761583395601, 0.0001909417692672233, -0.0003022387487026627], [0.008662083514749943, -0.0004843921365546722, -0.0016611072370134826, 0.00035926931839671227, -0.0011691537747520193, -0.0008828237902174874, -0.00040717797110770667, 0.0001909417692672233, 0.0006846643680671636, 0.0003075463536702455], [0.01043899166645402, -0.0007387567012293373, -0.0020732794324998124, 0.0001099832217187267, -0.0017753076541970076, -0.00021110602437774388, 0.0001711718817627641, -0.0003022387487026627, 0.0003075463536702455, 0.0010831549486346903]]]}