{"weights": [0.17222195835827547, 0.16667297301543504, 0.2999860803826649, 0.1277868482101581, 0.1555508316851224, 0.07778130834834399], "means": [[-6.852056989502954, -0.6535944627305701, -0.29128666384139323, 0.0371418873046537, -0.0016507543193306016, -0.008086609496206187, 0.00887721999250815, -0.0017630813334713648, 0.0023164022429309344, 0.0010506055455233839], [4.115111805511452, -0.5195675852039452, -0.17420974242500287, -0.2228562578470902, 0.04234821830798661, -0.0005227943287268792, -0.007820409820637595, -0.008811493957582009, 0.0010286176512872606, -0.006578753168557368], [3.2423023928211543, -0.20715107846736724, 0.08655708200397952, 0.1403271278443068, -0.04463176486110231, 0.006980776920971529, 0.0022615555758386725, 0.00871663342611513, -0.0004343962768752817, 0.0037120776592625493], [-0.6909046350122872, 0.5551516717679968, 0.56814051058975, 0.0384901064593509, 0.06463586369609081, -0.005459828898724124, 0.004630607040749209, -0.015160081446740147, 0.006439098281543195, 0.00898465244015321], [-2.8731853218306083, 0.5029056517896171, 0.40963211362672475, -0.11084759159484608, -0.01225023339483989, 0.0010139531660461052, -0.01397143971927472, 0.006667454008668791, -0.008221271450811527, -0.012058107330000989], [0.7298162204403403, 1.4416723002059708, -1.0681667264755825, 0.012537550733373287, 0.0033532681689891933, -0.0009556978495252498, 0.008712915144776758, 0.0007397860825366495, 0.00020478288525603808, 0.00680779990888917]], "cov": [[[0.005824479975519202, -0.00029828270483542454, 0.0009684210794042179, -0.00044785009944678145, 9.10393272634925e-05, -7.11171887799928e-05, 4.393130237191535e-05, -0.00010558932273582337, 4.866930318538092e-05, 0.0004083426316658885], [-0.00029828270483542454, 0.008260355954083917, -0.006192072908443058, 0.0038263445127514483, 0.00030851404810626585, 0.0019619132149349574, -0.0037223693896951435, 0.00022088817285389475, -2.1157064108431697e-06, -0.0035588222791842535], [0.0009684210794042179, -0.006192072908443058, 0.005659742264259406, -0.003195184314046211, -0.0002049990418661675, -0.0012618287376235148, 0.002655056738745597, -0.0003103203826691028, 3.338509661435723e-05, 0.003107193240813922], [-0.00044785009944678145, 0.0038263445127514483, -0.003195184314046211, 0.0019532375169746493, 0.00022725470565385878, 0.0008731228137346797, -0.0016358969186838757, 0.00012057206592789163, 3.545803015316828e-05, -0.0018144370704459773], [9.10393272634925e-05, 0.00030851404810626585, -0.0002049990418661675, 0.00022725470565385878, 0.0001703644118236603, 0.000136004670604337, -4.909283598365146e-05, -2.968284824585914e-07, 7.522598763170415e-05, -0.00016206580764922113], [-7.11171887799928e-05, 0.0019619132149349574, -0.0012618287376235148, 0.0008731228137346797, 0.000136004670604337, 0.000812381239966657, -0.0007484125429510646, -5.455590714955885e-05, 6.123853028756847e-05, -0.0007976513919356788], [4.393130237191535e-05, -0.0037223693896951435, 0.002655056738745597, -0.0016358969186838757, -4.909283598365146e-05, -0.0007484125429510646, 0.0018209582556064994, -9.788503417343142e-05, 5.3955434166004385e-05, 0.0015088804080506785], [-0.00010558932273582337, 0.00022088817285389475, -0.0003103203826691028, 0.00012057206592789163, -2.968284824585914e-07, -5.455590714955885e-05, -9.788503417343142e-05, 0.00017695126013776523, -1.1682326920735987e-05, -0.00012967419985463502], [4.866930318538092e-05, -2.1157064108431697e-06, 3.338509661435723e-05, 3.545803015316828e-05, 7.522598763170415e-05, 6.123853028756847e-05, 5.3955434166004385e-05, -1.1682326920735987e-05, 0.0002280695659704093, 5.3047522877343306e-05], [0.0004083426316658885, -0.0035588222791842535, 0.003107193240813922, -0.0018144370704459773, -0.00016206580764922113, -0.0007976513919356788, 0.0015088804080506785, -0.00012967419985463502, 5.3047522877343306e-05, 0.001816667059848376]], [[0.007283756340109646, -0.0008891350312702502, 0.00043682830631143314, 0.0006146898910999878, 0.0017997987518952301, -5.841129830310531e-05, -0.0005520418134053929, 0.00027261732228575647, 0.0002756833201188226, -3.8380804742075293e-05], [-0.0008891350312702502, 0.0025998317439839677, -0.0011585395591035808, 0.0023878246693946714, 0.0030079698634383318, 0.0003179581257231025, -0.0013010679734608026, 0.0001754805611938842, -0.00034472015323673224, 7.729769608307389e-05], [0.00043682830631143314, -0.0011585395591035808, 0.0006819425501419915, -0.0004756236559308986, -0.0011865326044230217, -0.00010913670158548477, 0.00044656355731795754, -0.0003863424359429931, 5.4601522115839835e-05, 0.00010419509859099637], [0.0006146898910999878, 0.0023878246693946714, -0.0004756236559308986, 0.016312195811273487, 0.005943532163713547, 0.0010997870246709487, -0.002278340078958043, -0.0009521457087615985, -0.0013027748391447804, -0.0009907233292943019], [0.0017997987518952301, 0.0030079698634383318, -0.0011865326044230217, 0.005943532163713547, 0.01438551658714685, 0.0012348783353577897, -0.0036144749054226924, 0.0002737536651787443, -0.000154687973971815, 0.001613908189064062], [-5.841129830310531e-05, 0.0003179581257231025, -0.00010913670158548477, 0.0010997870246709487, 0.0012348783353577897, 0.0011568533814590462, 0.0005637015343995024, -0.0006701738152803531, 0.0003582521194578212, 7.567293010967797e-05], [-0.0005520418134053929, -0.0013010679734608026, 0.00044656355731795754, -0.002278340078958043, -0.0036144749054226924, 0.0005637015343995024, 0.0023651792939186895, -0.00019197311080512358, 0.0001854175552755503, -0.0001979235461528991], [0.00027261732228575647, 0.0001754805611938842, -0.0003863424359429931, -0.0009521457087615985, 0.0002737536651787443, -0.0006701738152803531, -0.00019197311080512358, 0.0030602641988021493, -0.0001385765778758419, -2.6558919254444363e-05], [0.0002756833201188226, -0.00034472015323673224, 5.4601522115839835e-05, -0.0013027748391447804, -0.000154687973971815, 0.0003582521194578212, 0.0001854175552755503, -0.0001385765778758419, 0.0015306081364834107, -0.00012334283073189045], [-3.8380804742075293e-05, 7.729769608307389e-05, 0.00010419509859099637, -0.0009907233292943019, 0.001613908189064062, 7.567293010967797e-05, -0.0001979235461528991, -2.6558919254444363e-05, -0.00012334283073189045, 0.0010222911997914478]], [[0.28327056521306077, -0.09393156968006014, -0.0592007453335773, 0.029970482461411343, 0.03454609637595068, -0.0002011546016496111, -0.007953515056560244, -0.001951424301489186, -0.005665567437747534, -0.0016111018097728683], [-0.09393156968006014, 0.03212187199675884, 0.018954137640662592, -0.01011806418188978, -0.013467407812611848, 2.877335292796008e-05, 0.0019692108811732723, 1.063346175578239e-05, 0.0018087679941071464, 0.00019233547720934801], [-0.0592007453335773, 0.018954137640662592, 0.013265500624916876, -0.006218216325573195, -0.005899812657098384, 0.00027890490455943046, 0.0019159988634309788, 0.0009545811300332286, 0.001066813259366727, 0.000521209463417941], [0.029970482461411343, -0.01011806418188978, -0.006218216325573195, 0.005038168116216251, 0.005329162101549192, -0.00030054044853822123, -0.0009822644415994693, -0.0005921673153292179, -0.0004103755091488516, -0.00018388282681798882], [0.03454609637595068, -0.013467407812611848, -0.005899812657098384, 0.005329162101549192, 0.010516565890380213, 0.0005688935420663002, 0.0008691885175350349, 0.0008326005690474018, -0.00021826037744577398, 0.0003089690186833422], [-0.0002011546016496111, 2.877335292796008e-05, 0.00027890490455943046, -0.00030054044853822123, 0.0005688935420663002, 0.0021386544821239022, 0.0017020943685168146, 0.00010684256487782987, -0.0001295783933048396, -0.0005027683649941823], [-0.007953515056560244, 0.0019692108811732723, 0.0019159988634309788, -0.0009822644415994693, 0.0008691885175350349, 0.0017020943685168146, 0.0025759526377752092, 0.0006312120901810006, -0.0001178575923745543, -1.9946912414225935e-05], [-0.001951424301489186, 1.063346175578239e-05, 0.0009545811300332286, -0.0005921673153292179, 0.0008326005690474018, 0.00010684256487782987, 0.0006312120901810006, 0.003320103658936877, 0.00018438749015731827, 0.0001525490741938201], [-0.005665567437747534, 0.0018087679941071464, 0.001066813259366727, -0.0004103755091488516, -0.00021826037744577398, -0.0001295783933048396, -0.0001178575923745543, 0.00018438749015731827, 0.002661913165376244, -0.00010187007078226675], [-0.0016111018097728683, 0.00019233547720934801, 0.000521209463417941, -0.00018388282681798882, 0.0003089690186833422, -0.0005027683649941823, -1.9946912414225935e-05, 0.0001525490741938201, -0.00010187007078226675, 0.0011282873387007035]], [[0.04809117824106432, -0.005130018320561373, -0.0005053631903567427, 0.0004987551158273399, 0.00037529779205535454, -0.006761979514901775, -0.002938163573394452, -0.00027304164059926327, -0.00029959982206761586, -0.0011638745927983766], [-0.005130018320561373, 0.0015063970893653465, -0.0006808330858628753, -0.00014038787076778845, -0.0017581341831117338, 0.0011602728181560817, 0.00010130412154574672, 7.467648552672771e-05, 0.00037914855929978877, 0.0005151391330400763], [-0.0005053631903567427, -0.0006808330858628753, 0.0008050883010261814, 0.00029966876485050726, 0.0015596728277849573, -0.00023049720413324397, 6.17855459248642e-05, 3.3378581747668495e-05, -8.30155525436919e-05, -0.0002765774309270488], [0.0004987551158273399, -0.00014038787076778845, 0.00029966876485050726, 0.0011001604550880774, 0.000750985245772736, 0.0002692216690991558, -0.0002265173577603678, -0.0005560470961948755, 0.0008044186692455344, 0.0003133737962150161], [0.00037529779205535454, -0.0017581341831117338, 0.0015596728277849573, 0.000750985245772736, 0.004007431212653836, -0.0006074327746522359, 0.00030322903412115715, -0.0006592402345146946, -0.00037355046510997137, -0.0006700251248483139], [-0.006761979514901775, 0.0011602728181560817, -0.00023049720413324397, 0.0002692216690991558, -0.0006074327746522359, 0.003094396906423836, 0.0017041555836231161, -0.00040746009902856584, 0.00039646850107454825, -8.928186807528649e-05], [-0.002938163573394452, 0.00010130412154574672, 6.17855459248642e-05, -0.0002265173577603678, 0.00030322903412115715, 0.0017041555836231161, 0.0016214681453130906, -8.73787567607589e-05, -0.0004623111056531298, -0.00046455694300206194], [-0.00027304164059926327, 7.467648552672771e-05, 3.3378581747668495e-05, -0.0005560470961948755, -0.0006592402345146946, -0.00040746009902856584, -8.73787567607589e-05, 0.0016891172773113566, -0.00045193572228367394, -0.00028657283648264137], [-0.00029959982206761586, 0.00037914855929978877, -8.30155525436919e-05, 0.0008044186692455344, -0.00037355046510997137, 0.00039646850107454825, -0.0004623111056531298, -0.00045193572228367394, 0.0014537784626930158, 0.00046260541210471525], [-0.0011638745927983766, 0.0005151391330400763, -0.0002765774309270488, 0.0003133737962150161, -0.0006700251248483139, -8.928186807528649e-05, -0.00046455694300206194, -0.00028657283648264137, 0.00046260541210471525, 0.0012057532446949802]], [[1.08214491050681, 0.05718196077751794, 0.045698651519546434, 0.020363018899609776, 0.02476171536702851, -0.09048436314122754, 0.0648668127198263, -0.0126287388979627, 0.0022044443012077613, -0.019830615661678], [0.05718196077751794, 0.004163807589684917, 0.0023455924596873425, 0.0013606515668050884, 0.0017808928046931468, -0.004410207545933082, 0.0033535633120202325, -0.0006238987861348468, -6.0215789418708305e-05, -0.0009277342127207501], [0.045698651519546434, 0.0023455924596873425, 0.006467989897236871, -0.001834950903956269, 0.00041714639254893213, -0.002389978673690541, 0.002132598167447241, -7.57937203954739e-05, 0.00022925570380019807, -0.0004197995959130605], [0.020363018899609776, 0.0013606515668050884, -0.001834950903956269, 0.0031521807650866517, 0.0017159913364652418, -0.0030283651302043103, 0.0016294210517873201, -0.0003043939883862895, 0.0004593357243054149, -0.0011694737029603539], [0.02476171536702851, 0.0017808928046931468, 0.00041714639254893213, 0.0017159913364652418, 0.0023287185438557382, -0.0020994708788121645, 0.0017624705240536337, 0.0002258973831850511, 0.0008720836053728421, -0.0007238287410300384], [-0.09048436314122754, -0.004410207545933082, -0.002389978673690541, -0.0030283651302043103, -0.0020994708788121645, 0.009483350169332713, -0.005064748141763205, 0.0010015788831564045, -2.155154043922304e-05, 0.001962097298085008], [0.0648668127198263, 0.0033535633120202325, 0.002132598167447241, 0.0016294210517873201, 0.0017624705240536337, -0.005064748141763205, 0.004461257101731044, -0.0008108451738357838, 0.0003997750608244691, -0.0014379551199857783], [-0.0126287388979627, -0.0006238987861348468, -7.57937203954739e-05, -0.0003043939883862895, 0.0002258973831850511, 0.0010015788831564045, -0.0008108451738357838, 0.000868795095656305, 0.0002380818146833146, 0.00033169761001306225], [0.0022044443012077613, -6.0215789418708305e-05, 0.00022925570380019807, 0.0004593357243054149, 0.0008720836053728421, -2.155154043922304e-05, 0.0003997750608244691, 0.0002380818146833146, 0.0010915304573211623, -0.0004036217553270939], [-0.019830615661678, -0.0009277342127207501, -0.0004197995959130605, -0.0011694737029603539, -0.0007238287410300384, 0.001962097298085008, -0.0014379551199857783, 0.00033169761001306225, -0.0004036217553270939, 0.0011118952752978966]], [[0.2729318383250032, -0.017612436904462563, -0.05265457210614391, 0.014044150644766322, -0.027258470289029026, -0.011922419351577103, 0.0008449842399421134, -0.004606499416553764, 0.00866208324595003, 0.010438991754953499], [-0.017612436904462563, 0.0015061891672200737, 0.002960149366418463, -0.0010067286245239438, 0.0017751401713579295, 0.00040731252962797066, -0.00022398919696550685, 0.0008758236457252144, -0.00048439214929522976, -0.0007387566525179991], [-0.05265457210614391, 0.002960149366418463, 0.010844908626683442, -0.0025579698522212677, 0.00528408567105966, 0.0026139728639004672, -0.00011049706299717353, 7.232386693125967e-05, -0.0016611071824313502, -0.0020732794669562605], [0.014044150644766322, -0.0010067286245239438, -0.0025579698522212677, 0.0012844337754252292, -0.0007889130091552702, -0.0002975302572593871, 0.0002183715209174685, -0.0007735706053049932, 0.0003592693078124536, 0.00010998321939485213], [-0.027258470289029026, 0.0017751401713579295, 0.00528408567105966, -0.0007889130091552702, 0.00425332842391856, 0.0018825329750330622, 0.0007470046582720535, 0.0008985011120604239, -0.0011691537688419773, -0.001775307648953382], [-0.011922419351577103, 0.00040731252962797066, 0.0026139728639004672, -0.0002975302572593871, 0.0018825329750330622, 0.0022716211994105047, 0.001381046052728156, -0.0006137056760935126, -0.0008828237800125887, -0.00021110601856352642], [0.0008449842399421134, -0.00022398919696550685, -0.00011049706299717353, 0.0002183715209174685, 0.0007470046582720535, 0.001381046052728156, 0.001365367055364849, 6.491674998641902e-05, -0.0004071779755736707, 0.00017117188706210906], [-0.004606499416553764, 0.0008758236457252144, 7.232386693125967e-05, -0.0007735706053049932, 0.0008985011120604239, -0.0006137056760935126, 6.491674998641902e-05, 0.0037067616007448985, 0.0001909417673798636, -0.00030223875194089147], [0.00866208324595003, -0.00048439214929522976, -0.0016611071824313502, 0.0003592693078124536, -0.0011691537688419773, -0.0008828237800125887, -0.0004071779755736707, 0.0001909417673798636, 0.000684664361098716, 0.00030754635009370637], [0.010438991754953499, -0.0007387566525179991, -0.0020732794669562605, 0.00010998321939485213, -0.001775307648953382, -0.00021110601856352642, 0.00017117188706210906, -0.00030223875194089147, 0.00030754635009370637, 0.001083154949085723]]]}