{"weights": [0.476066649643408, 0.32460824762605717, 0.19932510273053486], "means": [[-2.118741635142524, -0.5178423217248433, 0.03769901451332775, 0.03585893548024058, -0.006838648039745143, 0.023726163399275097, 0.010142507691903248, -0.011783054418225936], [4.006260853120823, -2.701337837911191, -0.045268336565017955, 0.06768977465432496, -0.023203555256930537, -0.0008495776153511022, -0.00596246857946225, -0.008735249536766708], [1.8170659659286135, 3.614556875240488, -0.04752042883846174, -0.017329863811250967, -0.010240365445424207, 0.006533781633600234, 0.018288000105943267, 0.0049086029889451885]], "cov": [[[0.02178759643844778, -0.008940205658823894, 0.006048784393740645, -0.05965990365281166, 0.018478903344635988, -0.01719557559923935, -0.009755007286039704, 0.00531651706795707], [-0.008940205658823894, 0.02984935446165846, -0.014369528236314983, 0.04573785940554556, -0.03182568029051495, 0.0033826263472261286, -0.018975583348033374, -0.005560508819232082], [0.006048784393740645, -0.014369528236314983, 0.017844511782919202, -0.07422182798196067, 0.027596026485698665, -0.00756871647194896, 0.016100848661895224, -0.005878708815930442], [-0.05965990365281166, 0.04573785940554556, -0.07422182798196067, 0.4353560544795498, -0.130020435185948, 0.07683978338226524, -0.015355396655800418, 0.023520220304231232], [0.018478903344635988, -0.03182568029051495, 0.027596026485698665, -0.130020435185948, 0.061852205036496785, -0.011136023567404953, 0.008823071799669001, -0.012113226888549588], [-0.01719557559923935, 0.0033826263472261286, -0.00756871647194896, 0.07683978338226524, -0.011136023567404953, 0.03394424016587, -0.0016133533816477174, -0.013603782374492087], [-0.009755007286039704, -0.018975583348033374, 0.016100848661895224, -0.015355396655800418, 0.008823071799669001, -0.0016133533816477174, 0.05216652000145386, 0.00880766862059295], [0.00531651706795707, -0.005560508819232082, -0.005878708815930442, 0.023520220304231232, -0.012113226888549588, -0.013603782374492087, 0.00880766862059295, 0.02468542154671771]], [[12.421406758970575, -5.352952706221723, -0.4527461698603724, -2.4296906209808316, 0.4983454838017841, -0.622722960550602, -0.1475593031291281, -0.08017573593424869], [-5.352952706221723, 5.660161311428078, 2.005130973828654, 1.0190804018350965, -0.034069347527652886, 0.23538932011177746, 0.01430414880159503, 0.005932834782776862], [-0.4527461698603724, 2.005130973828654, 1.1794336340361244, 0.01942065975037962, 0.032914744250601646, 0.02462502614657454, 0.0037424249272952678, 0.021081133047411993], [-2.4296906209808316, 1.0190804018350965, 0.01942065975037962, 1.1717048739622158, 0.19772965392876546, -0.09504689821421029, 0.06752969500381674, -0.042421940504061506], [0.4983454838017841, -0.034069347527652886, 0.032914744250601646, 0.19772965392876546, 0.6594034538007842, -0.02379344488716504, -0.09380989950763825, 0.021633860774611494], [-0.622722960550602, 0.23538932011177746, 0.02462502614657454, -0.09504689821421029, -0.02379344488716504, 0.24640858184681544, -0.04772358165371652, 0.036269486514332185], [-0.1475593031291281, 0.01430414880159503, 0.0037424249272952678, 0.06752969500381674, -0.09380989950763825, -0.04772358165371652, 0.07641787748676637, 0.014468737027517253], [-0.08017573593424869, 0.005932834782776862, 0.021081133047411993, -0.042421940504061506, 0.021633860774611494, 0.036269486514332185, 0.014468737027517253, 0.1498743987948829]], [[0.12169557601829287, -0.13209775942049795, 0.30432585777300986, 0.058797219894344215, 0.09657330191993425, 0.002984838155111314, 0.01157581880113207, 0.013106626098656227], [-0.13209775942049795, 0.3960433760759424, 0.19037426052131487, -0.0845798342786343, -0.12810483573560752, -0.0017477769087514514, 0.0003071890390082983, 0.017197614530040324], [0.30432585777300986, 0.19037426052131487, 3.768504021234762, 0.15630659314511244, -0.12736701436810008, -0.005799771339448016, -0.02875704313946351, -0.011238433375487689], [0.058797219894344215, -0.0845798342786343, 0.15630659314511244, 0.09670743674158608, 0.0019091004691516522, -0.015503651402141305, -0.060805822637282354, 0.009573117086294247], [0.09657330191993425, -0.12810483573560752, -0.12736701436810008, 0.0019091004691516522, 0.23881178361065164, 0.06359190379852271, 0.12953032092309918, -0.004993468360752045], [0.002984838155111314, -0.0017477769087514514, -0.005799771339448016, -0.015503651402141305, 0.06359190379852271, 0.04976405170100721, 0.08603267073667305, -0.027367424175517803], [0.01157581880113207, 0.0003071890390082983, -0.02875704313946351, -0.060805822637282354, 0.12953032092309918, 0.08603267073667305, 0.21418864542018157, -0.045044024412190756], [0.013106626098656227, 0.017197614530040324, -0.011238433375487689, 0.009573117086294247, -0.004993468360752045, -0.027367424175517803, -0.045044024412190756, 0.03937904020079203]]]}