{"weights": [0.17114014774456965, 0.1677476372752941, 0.3020437308529092, 0.12417052298442555, 0.154362271670824, 0.08053568947197744], "means": [[6.868566108155437, -0.6345679705897254, 0.32023073721755607, -0.05063159719855899, 0.0010840096258590262, -0.0016317405489207108, -0.007613135002521517, -0.0038787038526319085], [-4.106007622497303, -0.5259643683248844, 0.18045152875401163, 0.2259225474955784, 0.054758575094158476, -0.010914151213206538, 0.0038359767834606788, 0.020801645407778388], [-3.2005194750429644, -0.1948334960982287, -0.09494133309408512, -0.15233527676338424, -0.0426311334508589, 0.0007545915570055591, 0.009053027368760316, -0.01241509513465557], [0.5973833626263781, 0.5347235267203373, -0.5798759550227016, -0.037741253151450146, 0.05270360539538219, -0.012625263545051908, -0.02095703470250911, 0.026389982142056453], [2.772222896397726, 0.48981671795378856, -0.4432104256900382, 0.12351295427468803, -0.005648241278675165, 3.8234389791643055e-05, -0.002667250956962051, -0.009624957668847006], [-0.6528077644598422, 1.4770646274837547, 1.0043183587375932, -0.007293798284768352, 0.011480419062398774, -0.0047448699947427305, -0.004849358743594086, -0.009295366481743216]], "cov": [[[0.005467519852756321, 0.00037819653419877633, 0.0009204275099924622, -0.0003903922111189839, -0.00013758719002077185, -7.054428004230791e-05, 0.0001618733896080269, -0.0001834332690593377], [0.00037819653419877633, 0.008298546769008429, 0.006008804174791101, -0.003825146964516156, 0.00030694441330283756, -0.00038330273659865476, 0.003652635180498956, 0.0008138421416000955], [0.0009204275099924622, 0.006008804174791101, 0.005335382716512657, -0.00303943188320906, 0.000209361125138932, -0.0004968431553633458, 0.0024041013704460103, 0.0003365889779624214], [-0.0003903922111189839, -0.003825146964516156, -0.00303943188320906, 0.001987329738745885, -0.00033116375338271595, 6.52270299567572e-05, -0.001538145113086389, -0.0004527958148455323], [-0.00013758719002077185, 0.00030694441330283756, 0.000209361125138932, -0.00033116375338271595, 0.00032078734795263806, 0.00025914121287323716, 1.2637259973043203e-05, 0.0002084523992098777], [-7.054428004230791e-05, -0.00038330273659865476, -0.0004968431553633458, 6.52270299567572e-05, 0.00025914121287323716, 0.000653103971373452, -0.00016049279550500587, 0.00023264593417445816], [0.0001618733896080269, 0.003652635180498956, 0.0024041013704460103, -0.001538145113086389, 1.2637259973043203e-05, -0.00016049279550500587, 0.0017631489162919722, 0.00030539341892521504], [-0.0001834332690593377, 0.0008138421416000955, 0.0003365889779624214, -0.0004527958148455323, 0.0002084523992098777, 0.00023264593417445816, 0.00030539341892521504, 0.00048050485689956046]], [[0.007823022977224005, 0.0013724377723808652, 0.0006019953906379065, 0.0010425430357427219, -0.002343198182080036, 0.0009282770946684308, -0.0005363688842047555, -0.00018901050143630915], [0.0013724377723808652, 0.003319699180795592, 0.0014235654382880316, -0.0036343500873877387, 0.0028526945373420322, 0.00019492915661889956, 0.0012344538970388396, -7.326653764223623e-05], [0.0006019953906379065, 0.0014235654382880316, 0.0007970018213011954, -0.001177073090355873, 0.0011381187947931825, 0.000254101113082324, 0.00046398695397763484, -0.0002982842458272053], [0.0010425430357427219, -0.0036343500873877387, -0.001177073090355873, 0.01795819174123796, -0.008495446977786803, 0.0013589329441815508, -0.003116024909696881, -0.0009551809621690882], [-0.002343198182080036, 0.0028526945373420322, 0.0011381187947931825, -0.008495446977786803, 0.015567516892671534, -0.0010756772112609152, 0.003805128036716989, 0.000605275456266677], [0.0009282770946684308, 0.00019492915661889956, 0.000254101113082324, 0.0013589329441815508, -0.0010756772112609152, 0.00412111609119865, -0.0009509655011791966, -0.00015762044623904943], [-0.0005363688842047555, 0.0012344538970388396, 0.00046398695397763484, -0.003116024909696881, 0.003805128036716989, -0.0009509655011791966, 0.0013728115640056341, -2.3984592887627647e-05], [-0.00018901050143630915, -7.326653764223623e-05, -0.0002982842458272053, -0.0009551809621690882, 0.000605275456266677, -0.00015762044623904943, -2.3984592887627647e-05, 0.0027805979039599075]], [[0.28227450546074395, 0.09183644044926735, -0.061643258787259514, 0.02751501932128124, -0.03003039566604594, 0.002625312214712352, -0.0063480651238882685, -0.004625589296516964], [0.09183644044926735, 0.030925172626109953, -0.019417561431611628, 0.008747774182915847, -0.011293727384663582, 0.0005887224418352262, -0.0016348103450902099, -0.0011597916609061801], [-0.061643258787259514, -0.019417561431611628, 0.01427854402327475, -0.0058902179907207785, 0.005447142773957158, -0.0006362592903190745, 0.0013350203523337068, 0.0011624122322164401], [0.02751501932128124, 0.008747774182915847, -0.0058902179907207785, 0.00602235419080201, -0.005525939117112588, 0.0007526114686270186, -0.0009574812788282223, -0.0008269084956867561], [-0.03003039566604594, -0.011293727384663582, 0.005447142773957158, -0.005525939117112588, 0.009381687395980018, 0.0005543607549914304, 0.00034050105926562653, -0.0004380219948657012], [0.002625312214712352, 0.0005887224418352262, -0.0006362592903190745, 0.0007526114686270186, 0.0005543607549914304, 0.0035126282452720855, -0.0005158889904096184, -0.000144700404362512], [-0.0063480651238882685, -0.0016348103450902099, 0.0013350203523337068, -0.0009574812788282223, 0.00034050105926562653, -0.0005158889904096184, 0.0007783847448489705, -0.0001399856970612627], [-0.004625589296516964, -0.0011597916609061801, 0.0011624122322164401, -0.0008269084956867561, -0.0004380219948657012, -0.000144700404362512, -0.0001399856970612627, 0.0030099398416894804]], [[0.05628456557690567, 0.004468027580311242, -0.0028509816689683545, 0.0006101064189717155, 0.00138247640416999, 0.006867949330380561, 0.002564883278655708, -0.0013885299733920908], [0.004468027580311242, 0.0012691339545810028, 0.00056796586900455, -6.289991152251462e-05, -0.0012899311924105177, 0.0007555474117818116, 0.00042913155683530987, -8.545121318520914e-05], [-0.0028509816689683545, 0.00056796586900455, 0.0012165971728695755, -8.254305746832021e-05, -0.0014811772841242098, -0.00020979885962734478, -0.00018054817470552605, 0.00014709919219923004], [0.0006101064189717155, -6.289991152251462e-05, -8.254305746832021e-05, 0.0010005110748982605, -0.00025014825711803444, -0.0001532829808653263, -1.9166828704105645e-05, -0.0005643341733563448], [0.00138247640416999, -0.0012899311924105177, -0.0014811772841242098, -0.00025014825711803444, 0.003059555598524948, -0.000214366370390152, -0.000192152013238433, 6.0936777507880934e-05], [0.006867949330380561, 0.0007555474117818116, -0.00020979885962734478, -0.0001532829808653263, -0.000214366370390152, 0.0033054926711711514, 0.00019994826370865566, 7.194296715841749e-05], [0.002564883278655708, 0.00042913155683530987, -0.00018054817470552605, -1.9166828704105645e-05, -0.000192152013238433, 0.00019994826370865566, 0.0005082727353553693, -0.0003618729393151251], [-0.0013885299733920908, -8.545121318520914e-05, 0.00014709919219923004, -0.0005643341733563448, 6.0936777507880934e-05, 7.194296715841749e-05, -0.0003618729393151251, 0.0020549645462149347]], [[1.056514919987368, -0.06482657211770848, 0.04819557321332867, 0.02465780656703761, -0.03271309140467376, 0.024225071649284936, 0.10330683422588789, 0.013573378475030184], [-0.06482657211770848, 0.005705351316799254, -0.002842991872080009, -0.0014387013306385026, 0.0016165813346309802, -0.0016158781096055656, -0.005527710270016317, -0.0007110613795603001], [0.04819557321332867, -0.002842991872080009, 0.0062170879498857825, -0.001583715563307002, -0.0011275985373664311, 0.0006708553863572053, 0.0031298571254747398, 0.0012924484058956774], [0.02465780656703761, -0.0014387013306385026, -0.001583715563307002, 0.004191696764617487, -0.0027638705627409353, 0.0008383723117677758, 0.004455278676400861, -7.278109408121631e-05], [-0.03271309140467376, 0.0016165813346309802, -0.0011275985373664311, -0.0027638705627409353, 0.003929334944001971, -1.2630722036999705e-05, -0.004428440932624997, -0.0008456852157296671], [0.024225071649284936, -0.0016158781096055656, 0.0006708553863572053, 0.0008383723117677758, -1.2630722036999705e-05, 0.002583291261881186, 0.002279696712065854, -1.5615752504775237e-05], [0.10330683422588789, -0.005527710270016317, 0.0031298571254747398, 0.004455278676400861, -0.004428440932624997, 0.002279696712065854, 0.011808491721199259, 0.0010156933986515827], [0.013573378475030184, -0.0007110613795603001, 0.0012924484058956774, -7.278109408121631e-05, -0.0008456852157296671, -1.5615752504775237e-05, 0.0010156933986515827, 0.0011188656630579882]], [[0.2544453549127518, 0.01687303930182087, -0.05187373029861631, 0.007345757337240334, 0.03774754350034211, 0.003618194494243583, 0.011547261559950563, -0.01099036241708235], [0.01687303930182087, 0.0020084808923057185, -0.0026817414664516296, 0.0002997451183231627, 0.0027760210550289302, 0.00020203895326132928, 0.0009845691782629196, -0.0009970711725119095], [-0.05187373029861631, -0.0026817414664516296, 0.011513943168531725, -0.001512739059339238, -0.0076872309010941825, -0.00047187546140547125, -0.0022851427471052067, 0.0020927946635383643], [0.007345757337240334, 0.0002997451183231627, -0.001512739059339238, 0.0009004729226861171, 0.00027080962477996306, 3.824886580795698e-05, 0.00024252063002144826, -0.00028667142706995574], [0.03774754350034211, 0.0027760210550289302, -0.0076872309010941825, 0.00027080962477996306, 0.007702897525249, 0.0013138146848453043, 0.0017576360641727825, -0.002935395744430615], [0.003618194494243583, 0.00020203895326132928, -0.00047187546140547125, 3.824886580795698e-05, 0.0013138146848453043, 0.004184485121540739, -0.000514952142429936, 0.000309364268035435], [0.011547261559950563, 0.0009845691782629196, -0.0022851427471052067, 0.00024252063002144826, 0.0017576360641727825, -0.000514952142429936, 0.0007437972017299253, -0.0007886734314344333], [-0.01099036241708235, -0.0009970711725119095, 0.0020927946635383643, -0.00028667142706995574, -0.002935395744430615, 0.000309364268035435, -0.0007886734314344333, 0.0031607911735560285]]]}